GRPCODE;GRPNAME;MKBCODE
10 000 053;Холера;A00
10 000 054;Тиф и паратиф;A01
10 000 055;Другие сальмонеллезные инфекции;A02
10 000 056;Шигеллез;A03
10 000 057;Другие бактериальные кишечные инфекции;A04
10 000 058;Другие бактериальные пищевые отравления;A05
10 000 059;Амебиаз;A06
10 000 060;Другие протозойные кишечные болезни;A07
10 000 061;Вирусные и другие уточненные кишечные инфекции;A08
10 000 062;Диарея и гастроэнтерит предположительно инфекционного происхождения;A09
10 000 063;Туберкулез органов дыхания, подтвержденный бактериологически и гистологически;A15
10 000 064;Туберкулез органов дыхания, не подтвержденный бактериологически или гистологически;A16
10 000 065;Туберкулез нервной системы;A17+
10 000 066;Туберкулез других органов;A18
10 000 067;Милиарный туберкулез;A19
10 000 068;Чума;A20
10 000 069;Туляремия;A21
10 000 070;Сибирская язва;A22
10 000 071;Бруцеллез;A23
10 000 072;Сап и мелиоидоз;A24
10 000 073;Лихорадка от укуса крыс;A25
10 000 074;Эризипелоид;A26
10 000 075;Лептоспироз;A27
10 000 076;Другие бактериальные зоонозы, не классифицированные в других рубриках;A28
10 000 077;Лепра [болезнь Гансена];A30
10 000 078;Инфекции, вызванные другими микобактериями;A31
10 000 079;Листериоз;A32
10 000 080;Столбняк новорожденного;A33
10 000 081;Акушерский столбняк;A34
10 000 082;Другие формы столбняка;A35
10 000 083;Дифтерия;A36
10 000 084;Коклюш;A37
10 000 085;Скарлатина;A38
10 000 086;Менингококковая инфекция;A39
10 000 087;Стрептококковая септицемия;A40
10 000 088;Другая септицемия;A41
10 000 089;Актиномикоз;A42
10 000 090;Нокардиоз;A43
10 000 091;Бартонеллез;A44
10 000 092;Рожа;A46
10 000 093;Другие бактериальные болезни, не классифицированные в других рубриках;A48
10 000 094;Бактериальная инфекция неуточненной локализации;A49
10 000 095;Врожденный сифилис;A50
10 000 096;Ранний сифилис;A51
10 000 097;Поздний сифилис;A52
10 000 098;Другие и неуточненные формы сифилиса;A53
10 000 099;Гонококковая инфекция;A54
10 000 100;Хламидийная лимфогранулема (венерическая);A55
10 000 101;Другие хламидийные болезни, передающиеся половым путем;A56
10 000 102;Шанкроид;A57
10 000 103;Паховая гранулема;A58
10 000 104;Трихомониаз;A59
10 000 105;Аногенитальная герпетическая вирусная инфекция [herpes simplex];A60
10 000 106;Другие болезни, передающиеся преимущественно половым путем, не классифицированные в других рубриках;A63
10 000 107;Болезни, передающиеся половым путем, неуточненные;A64
10 000 108;Невенерический сифилис;A65
10 000 109;Фрамбезия;A66
10 000 110;Пинта [карате];A67
10 000 111;Возвратные лихорадки;A68
10 000 112;Другие инфекции, вызванные спирохетами;A69
10 000 113;Инфекция, вызываемая Chlamydia psittaci;A70
10 000 114;Трахома;A71
10 000 115;Другие болезни, вызываемые хламидиями;A74
10 000 116;Сыпной тиф;A75
10 000 117;Пятнистая лихорадка [клещевые риккетсиозы];A77
10 000 118;Лихорадка Ку;A78
10 000 119;Другие риккетсиозы;A79
10 000 120;Острый полиомиелит;A80
10 000 121;Медленные вирусные инфекции центральной нервной системы;A81
10 000 122;Бешенство;A82
10 000 123;Комариный вирусный энцефалит;A83
10 000 124;Клещевой вирусный энцефалит;A84
10 000 125;Другие вирусные энцефалиты, не классифицированные в других рубриках;A85
10 000 126;Вирусный энцефалит неуточненный;A86
10 000 127;Вирусный менингит;A87
10 000 128;Другие вирусные инфекции центральной нервной системы, не классифицированные в других рубриках;A88
10 000 129;Вирусная инфекция  центральной нервной системы неуточненная;A89
10 000 130;Лихорадка денге [классическая лихорадка денге];A90
10 000 131;Геморрагическая лихорадка, вызванная вирусом денге;A91
10 000 132;Другие комариные вирусные лихорадки;A92
10 000 133;Другие вирусные лихорадки, передаваемые членистоногими, не классифицированные в других рубриках;A93
10 000 134;Вирусная лихорадка, передаваемая членистоногими, неуточненная;A94
10 000 135;Желтая лихорадка;A95
10 000 136;Ареновирусная геморрагическая лихорадка;A96
10 000 137;Другие вирусные геморрагические лихорадки, не классифицированные в других рубриках;A98
10 000 138;Вирусная геморрагическая лихорадка неуточненная;A99
10 000 139;Инфекции, вызванные вирусом герпеса [herpes simplex];B00
10 000 140;Ветряная оспа [varicella];B01
10 000 141;Опоясывающий лишай [herpes zoster];B02
10 000 142;Оспа;B03
10 000 143;Инфекции, вызванные вирусом обезьяньей оспы;B04
10 000 144;Корь;B05
10 000 145;Краснуха [немецкая корь];B06
10 000 146;Вирусные бородавки;B07
10 000 147;Другие вирусные инфекции, характеризующиеся поражениями кожи и слизистых оболочек, не классифицированные в других рубриках;B08
10 000 148;Вирусная инфекция, характеризующаяся поражением кожи и слизистых оболочек, неуточненная;B09
10 000 149;Острый гепатит A;B15
10 000 150;Острый гепатит B;B16
10 000 151;Другие острые вирусные гепатиты;B17
10 000 152;Хронический вирусный гепатит;B18
10 000 153;Вирусный гепатит неуточненный;B19
10 000 154;Болезнь, вызванная вирусом иммунодефицита человека [ВИЧ], проявляющаяся в виде инфекционных и паразитарных болезней;B20
10 000 155;Болезнь, вызванная вирусом иммунодефицита человека [ВИЧ], проявляющаяся в виде злокачественных новообразований;B21
10 000 156;Болезнь, вызванная вирусом иммунодефицита человека [ВИЧ], проявляющаяся в виде других уточненных болезней;B22
10 000 157;Болезнь, вызванная вирусом иммунодефицита человека  [ВИЧ], проявляющаяся в виде других состояний;B23
10 000 158;Болезнь, вызванная вирусом иммунодефицита человека [ВИЧ], неуточненная;B24
10 000 159;Цитомегаловирусная болезнь;B25
10 000 160;Эпидемический паротит;B26
10 000 161;Инфекционный мононуклеоз;B27
10 000 162;Вирусный конъюнктивит;B30
10 000 163;Другие вирусные болезни, не классифицированные в других рубриках;B33
10 000 164;Вирусная инфекция неуточненной локализации;B34
10 000 165;Дерматофития;B35
10 000 166;Другие поверхностные микозы;B36
10 000 167;Кандидоз;B37
10 000 168;Кокцидиоидомикоз;B38
10 000 169;Гистоплазмоз;B39
10 000 170;Бластомикоз;B40
10 000 171;Паракокцидиоидомикоз;B41
10 000 172;Споротрихоз;B42
10 000 173;Хромомикоз и феомикотический абсцесс;B43
10 000 174;Аспергиллез;B44
10 000 175;Криптококкоз;B45
10 000 176;Зигомикоз;B46
10 000 177;Мицетома;B47
10 000 178;Другие микозы, не классифицированные в других рубриках;B48
10 000 179;Микоз неуточненный;B49
10 000 180;Малярия, вызванная Plasmodium falciparum;B50
10 000 181;Малярия, вызванная Plasmodium vivax;B51
10 000 182;Малярия, вызванная Plasmodium malariae;B52
10 000 183;Другие виды паразитологически подтвержденной малярии;B53
10 000 184;Малярия неуточненная;B54
10 000 185;Лейшманиоз;B55
10 000 186;Африканский трипаносомоз;B56
10 000 187;Болезнь Шагаса;B57
10 000 188;Токсоплазмоз;B58
10 000 189;Пневмоцистоз;B59
10 000 190;Другие протозойные болезни, не классифицированные в других рубриках;B60
10 000 191;Протозойная болезнь неуточненная;B64
10 000 192;Шистосомоз [бильгарциоз];B65
10 000 193;Другие трематодозы;B66
10 000 194;Эхинококкоз;B67
10 000 195;Тениоз;B68
10 000 196;Цистицеркоз;B69
10 000 197;Дифиллоботриоз и спарганоз;B70
10 000 198;Другие инвазии, вызванные цестодами;B71
10 000 199;Дракункулез;B72
10 000 200;Онхоцеркоз;B73
10 000 201;Филяриатоз;B74
10 000 202;Трихинеллез;B75
10 000 203;Анкилостомидоз;B76
10 000 204;Аскаридоз;B77
10 000 205;Стронгилоидоз;B78
10 000 206;Трихуроз;B79
10 000 207;Энтеробиоз;B80
10 000 208;Другие кишечные гельминтозы, не классифицированные в других рубриках;B81
10 000 209;Кишечный паразитизм неуточненный;B82
10 000 210;Другие гельминтозы;B83
10 000 211;Педикулез и фтириоз;B85
10 000 212;Чесотка;B86
10 000 213;Миаз;B87
10 000 214;Другие инфестации;B88
10 000 215;Паразитарная болезнь неуточненная;B89
10 000 216;Последствия туберкулеза;B90
10 000 217;Последствия полиомиелита;B91
10 000 218;Последствия лепры;B92
10 000 219;Последствия других и неуточненных инфекционных и паразитарных болезней;B94
10 000 220;Стрептококки и стафилококки как причина болезней, классифицированных в других рубриках;B95
10 000 221;Другие бактериальные агенты как причина болезней, классифицированных в других рубриках;B96
10 000 222;Вирусные агенты как причина болезней, классифицированных в других рубриках;B97
10 000 223;ДРУГИЕ ИНФЕКЦИОННЫЕ БОЛЕЗНИ;B99
10 000 224;Злокачественное новообразование губы;C00
10 000 225;Злокачественные новообразования основания языка;C01
10 000 226;Злокачественное новообразование других и неуточненных частей языка;C02
10 000 227;Злокачественное новообразование десны;C03
10 000 228;Злокачественное новообразование дна полости рта;C04
10 000 229;Злокачественное новообразование неба;C05
10 000 230;Злокачественное новообразование других и неуточненных отделов рта;C06
10 000 231;Злокачественное новообразование околоушной слюнной железы;C07
10 000 232;Злокачественное новообразование других и неуточненных больших слюнных желез;C08
10 000 233;Злокачественное новообразование миндалины;C09
10 000 234;Злокачественное новообразование ротоглотки;C10
10 000 235;Злокачественное новообразование носоглотки;C11
10 000 236;Злокачественное новообразование грушевидного синуса;C12
10 000 237;Злокачественное новообразование нижней части глотки;C13
10 000 238;Злокачественное новообразование других и неточно обозначенных локализаций губы, полости рта и глотки;C14
10 000 239;Злокачественное новообразование пищевода;C15
10 000 240;Злокачественное новообразование желудка;C16
10 000 241;Злокачественное новообразование тонкого кишечника;C17
10 000 242;Злокачественное новообразование ободочной кишки;C18
10 000 243;Злокачественное новообразование ректосигмоидного соединения;C19
10 000 244;Злокачественное новообразование прямой кишки;C20
10 000 245;Злокачественное новообразование заднего прохода [ануса] и анального канала;C21
10 000 246;Злокачественное новообразование печени и внутрипеченочных желчных протоков;C22
10 000 247;Злокачественное новообразование желчного пузыря;C23
10 000 248;Злокачественное новообразование других и неуточненных частей желчевыводящих путей;C24
10 000 249;Злокачественное новообразование поджелудочной железы;C25
10 000 250;Злокачественное новообразование других и неточно обозначенных органов пищеварения;C26
10 000 251;Злокачественное новообразование полости носа и среднего уха;C30
10 000 252;Злокачественное новообразование придаточных пазух;C31
10 000 253;Злокачественное новообразование гортани;C32
10 000 254;Злокачественное новообразование трахеи;C33
10 000 255;Злокачественное новообразование бронхов и легкого;C34
10 000 256;Злокачественное новообразование вилочковой железы;C37
10 000 257;Злокачественное новообразование сердца, средостения и плевры;C38
10 000 258;Злокачественное новообразование других и неточно обозначенных локализаций органов дыхания и внутригрудных органов;C39
10 000 259;Злокачественное новообразование костей и суставных хрящей;C40
10 000 260;Злокачественное новообразование костей и суставных хрящей  других и неуточненных локализаций;C41
10 000 261;Злокачественная меланома кожи;C43
10 000 262;Другие злокачественные новообразования кожи;C44
10 000 263;Мезотелиома;C45
10 000 264;Саркома Капоши;C46
10 000 265;Злокачественное новообразование периферических нервов и вегетативной нервной системы;C47
10 000 266;Злокачественное новообразование забрюшинного пространства и брюшины;C48
10 000 267;Злокачественное новообразование других типов соединительной и мягких тканей;C49
10 000 268;ЗЛОКАЧЕСТВЕННОЕ НОВООБРАЗОВАНИЕ МОЛОЧНОЙ ЖЕЛЕЗЫ;C50
10 000 269;Злокачественное новообразование вульвы;C51
10 000 270;Злокачественное новообразование влагалища;C52
10 000 271;Злокачественное новообразование шейки матки;C53
10 000 272;Злокачественное новообразование тела матки;C54
10 000 273;Злокачественное новообразование матки неуточненной локализации;C55
10 000 274;Злокачественное новообразование яичника;C56
10 000 275;Злокачественное новообразование других и неуточненных женских половых органов;C57
10 000 276;Злокачественное новообразование плаценты;C58
10 000 277;Злокачественное новообразование полового члена;C60
10 000 278;Злокачественное новообразование предстательной железы;C61
10 000 279;Злокачественное новообразование яичка;C62
10 000 280;Злокачественное новообразование других и неуточненных мужских половых органов;C63
10 000 281;Злокачественное новообразование почки, кроме почечной лоханки;C64
10 000 282;Злокачественное новообразование почечных лоханок;C65
10 000 283;Злокачественное новообразование мочеточника;C66
10 000 284;Злокачественное новообразование пузыря;C67
10 000 285;Злокачественное новообразование других и неуточненных мочевых органов;C68
10 000 286;Злокачественное новообразование глаза и его придаточного аппарата;C69
10 000 287;Злокачественное новообразование мозговых оболочек;C70
10 000 288;Злокачественное новообразование головного мозга;C71
10 000 289;Злокачественное новообразование спинного мозга, черепных нервов и других отделов центральной нервной системы;C72
10 000 290;Злокачественное новообразование щитовидной железы;C73
10 000 291;Злокачественное новообразование надпочечника;C74
10 000 292;Злокачественное новообразование других эндокринных желез и родственных структур;C75
10 000 293;Злокачественное новообразование других и неточно обозначенных локализаций;C76
10 000 294;Вторичное и неуточненное злокачественное новообразование лимфатических узлов;C77
10 000 295;Вторичное злокачественное новообразование органов дыхания и пищеварения;C78
10 000 296;Вторичное злокачественное новообразование других локализаций;C79
10 000 297;Злокачественное новообразование без уточнения локализации;C80
10 000 298;Болезнь Ходжкина [лимфогранулематоз];C81
10 000 299;Фолликулярная [нодулярная] неходжкинская лимфома;C82
10 000 300;Диффузная неходжкинская лимфома;C83
10 000 301;Периферические и кожные T-клеточные лимфомы;C84
10 000 302;Другие и неуточненные типы неходжкинской лимфомы;C85
10 000 303;Злокачественные иммунопролиферативные болезни;C88
10 000 304;Множественная миелома и злокачественные плазмоклеточные ново образования;C90
10 000 305;Лимфоидный лейкоз [лимфолейкоз];C91
10 000 306;Миелоидный лейкоз [миелолейкоз];C92
10 000 307;Моноцитарный лейкоз;C93
10 000 308;Другой лейкоз уточненного клеточного типа;C94
10 000 309;Лейкоз неуточненного клеточного типа;C95
10 000 310;Другие и неуточненные злокачественные новообразования лимфоидной, кроветворной и родственных им тканей;C96
10 000 311;ЗЛОКАЧЕСТВЕННЫЕ НОВООБРАЗОВАНИЯ САМОСТОЯТЕЛЬНЫХ (ПЕРВИЧНЫХ) МНОЖЕСТВЕННЫХ ЛОКАЛИЗАЦИЙ;C97
10 000 312;Карцинома in situ полости рта, пищевода и желудка;D00
10 000 313;Карцинома in situ других и неуточненных органов пищеварения;D01
10 000 314;Карцинома in situ среднего уха и органов дыхания;D02
10 000 315;Меланома in situ;D03
10 000 316;Карцинома in situ кожи;D04
10 000 317;Карцинома in situ молочной железы;D05
10 000 318;Карцинома in situ шейки матки;D06
10 000 319;Карцинома in situ других и неуточненных половых органов;D07
10 000 320;Карцинома in situ других и неуточненных локализаций;D09
10 000 321;Доброкачественное новообразование рта и глотки;D10
10 000 322;Доброкачественное новообразование больших слюнных желез;D11
10 000 323;Доброкачественное новообразование ободочной кишки, прямой кишки, заднего прохода [ануса] и анального канала;D12
10 000 324;Доброкачественное новообразование других и неточно обозначенных органов пищеварения;D13
10 000 325;Доброкачественное новообразование среднего уха и органов дыхания;D14
10 000 326;Доброкачественное новообразование других и неуточненных органов грудной клетки;D15
10 000 327;Доброкачественное новообразование костей и суставных хрящей;D16
10 000 328;Доброкачественное новообразование жировой ткани;D17
10 000 329;Гемангиома и лимфангиома любой локализации;D18
10 000 330;Доброкачественное новообразование мезотелиальной ткани;D19
10 000 331;Доброкачественное новообразование мягких тканей забрюшинного пространства и брюшины;D20
10 000 332;Другие доброкачественные новообразования соединительной и других мягких тканей;D21
10 000 333;Меланоформный невус;D22
10 000 334;Другие доброкачественные новообразования кожи;D23
10 000 335;Доброкачественное новообразование молочной железы;D24
10 000 336;Лейомиома матки;D25
10 000 337;Другие доброкачественные новообразования матки;D26
10 000 338;Доброкачественное новообразование яичника;D27
10 000 339;Доброкачественное новообразование других и неуточненных женских;D28
10 000 340;Доброкачественное новообразование мужских половых органов;D29
10 000 341;Доброкачественные новообразования мочевых органов;D30
10 000 342;Доброкачественное новообразование глаза и его придаточного аппарата;D31
10 000 343;Доброкачественное новообразование мозговых оболочек;D32
10 000 344;Доброкачественное новообразование головного мозга и других отделов центральной нервной системы;D33
10 000 345;Доброкачественное новообразование щитовидной железы;D34
10 000 346;Доброкачественное новообразование других и неуточненных эндокринных желез;D35
10 000 347;Доброкачественное новообразование других и неуточненных локализаций;D36
10 000 348;Новообразование неопределенного или неизвестного характера полости рта и органов пищеварения;D37
10 000 349;Новообразование неопределенного или неизвестного характера среднего уха, органов дыхания и грудной клетки;D38
10 000 350;Новообразования неопределенного или неизвестного характера;D39
10 000 351;Новообразование неопределенного или неизвестного характера мужских половых органов;D40
10 000 352;Новообразование неопределенного или неизвестного характера мочевых органов;D41
10 000 353;Новообразование неопределенного или неизвестного характера мозговых оболочек;D42
10 000 354;Новообразование неопределенного или неизвестного характера головного мозга и центральной нервной системы;D43
10 000 355;Новообразование неопределенного или неизвестного характера эндокринных желез;D44
10 000 356;Полицитемия истинная;D45
10 000 357;Миелодиспластические синдромы;D46
10 000 358;Другие новообразования неопределенного или неизвестного характера лимфоидной, кроветворной и родственных им тканей;D47
10 000 359;Новообразование неопределенного или неизвестного характера других и неуточненных локализаций;D48
10 000 360;Железодефицитная анемия;D50
10 000 361;Витамин-B12-дефицитная анемия;D51
10 000 362;Фолиеводефицитная анемия;D52
10 000 363;Другие анемии, связанные с питанием;D53
10 000 364;Анемия вследствие ферментных нарушений;D55
10 000 365;Талассемия;D56
10 000 366;Серповидно-клеточные нарушения;D57
10 000 367;Другие наследственные гемолитические анемии;D58
10 000 368;Приобретенная гемолитическая анемия;D59
10 000 369;Приобретенная чистая красноклеточная аплазия (эритробластопения);D60
10 000 370;Другие апластические анемии;D61
10 000 371;Острая постгеморрагическая анемия;D62
10 000 372;Анемия при хронических болезнях, классифицированных в других;D63*
10 000 373;Другие анемии;D64
10 000 374;Диссеминированное внутрисосудистое свертывание [синдром дефибринации];D65
10 000 375;Наследственный дефицит фактора VIII;D66
10 000 376;Наследственный дефицит фактора IX;D67
10 000 377;Другие нарушения свертываемости;D68
10 000 378;Пурпура и другие геморрагические состояния;D69
10 000 379;Агранулоцитоз;D70
10 000 380;Функциональные нарушения полиморфно-ядерных нейтрофилов;D71
10 000 381;Другие нарушения белых кровяных клеток;D72
10 000 382;Болезни селезенки;D73
10 000 383;Метгемоглобинемия;D74
10 000 384;Другие болезни крови и кроветворных органов;D75
10 000 385;Отдельные болезни, протекающие с вовлечением лимфоретикулярной ткани и ретикулогистиоцитарной системы;D76
10 000 386;Другие нарушения крови и кроветворных органов при болезнях,;D77*
10 000 387;Иммунодефициты с преимущественной недостаточностью антител;D80
10 000 388;Комбинированные иммунодефициты;D81
10 000 389;Иммунодефициты, связанные с другими значительными дефектами;D82
10 000 390;Обычный вариабельный иммунодефицит;D83
10 000 391;Другие иммунодефициты;D84
10 000 392;Саркоидоз;D86
10 000 393;Другие нарушения с вовлечением иммунного механизма, не классифицированные в других рубриках;D89
10 000 394;Синдром врожденной йодной недостаточности;E00
10 000 395;Болезни щитовидной железы, связанные с йодной недостаточностью, и сходные состояния;E01
10 000 396;Субклинический гипотиреоз вследствие йодной недостаточности;E02
10 000 397;Другие формы гипотиреоза;E03
10 000 398;Другие формы нетоксического зоба;E04
10 000 399;Тиреотоксикоз [гипертиреоз];E05
10 000 400;Тиреоидит;E06
10 000 401;Другие болезни щитовидной железы;E07
10 000 402;Инсулинзависимый сахарный диабет;E10
10 000 403;Инсулиннезависимый сахарный диабет;E11
10 000 404;Сахарный диабет, связанный с недостаточностью питания;E12
10 000 405;Другие уточненные формы сахарного диабета;E13
10 000 406;Сахарный диабет неуточненный;E14
10 000 407;Недиабетическая гипогликемическая кома;E15
10 000 408;Другие нарушения внутренней секреции поджелудочной железы;E16
10 000 409;Гипопаратиреоз;E20
10 000 410;Гиперпаратиреоз и другие нарушения паращитовидной [околощитовидной] железы;E21
10 000 411;Гиперфункция гипофиза;E22
10 000 412;Гипофункция и другие нарушения гипофиза;E23
10 000 413;Синдром Иценко-Кушинга;E24
10 000 414;Адреногенитальные расстройства;E25
10 000 415;Гиперальдостеронизм;E26
10 000 416;Другие нарушения надпочечников;E27
10 000 417;Дисфункция яичников;E28
10 000 418;Дисфункция яичек;E29
10 000 419;Нарушения полового созревания, не классифицированные в других рубриках;E30
10 000 420;Полигландулярная дисфункция;E31
10 000 421;Болезни вилочковой железы;E32
10 000 422;Другие эндокринные нарушения;E34
10 000 423;Нарушения эндокринных желез при болезнях, классифицированных в других рубриках;E35*
10 000 424;Квашиоркор;E40
10 000 425;Алиментарный маразм;E41
10 000 426;Маразматический квашиоркор;E42
10 000 427;Тяжелая белково-энергетическая недостаточность неуточненная;E43
10 000 428;Белково-энергетическая недостаточность умеренной и слабой степени;E44
10 000 429;Задержка развития, обусловленная белково-энергетической недостаточностью;E45
10 000 430;Белково-энергетическая недостаточность неуточненная;E46
10 000 431;Недостаточность витамина A;E50
10 000 432;Недостаточность тиамина;E51
10 000 433;Недостаточность никотиновой кислоты [пеллагра];E52
10 000 434;Недостаточность других витаминов группы B;E53
10 000 435;Недостаточность аскорбиновой кислоты;E54
10 000 436;Недостаточность витамина D;E55
10 000 437;Недостаточность других витаминов;E56
10 000 438;Алиментарная недостаточность кальция;E58
10 000 439;Алиментарная недостаточность селена;E59
10 000 440;Алиментарная недостаточность цинка;E60
10 000 441;Недостаточность других элементов питания;E61
10 000 442;Другие виды недостаточности питания;E63
10 000 443;Последствия недостаточности питания и недостатка других питательных веществ;E64
10 000 444;Локализованное отложение жира;E65
10 000 445;Ожирение;E66
10 000 446;Другие виды избыточности питания;E67
10 000 447;Последствия избыточности питания;E68
10 000 448;Нарушения обмена ароматических аминокислот;E70
10 000 449;Нарушения обмена аминокислот с разветвленной цепью и обмена жирных кислот;E71
10 000 450;Другие нарушения обмена аминокислот;E72
10 000 451;Непереносимость лактозы;E73
10 000 452;Другие нарушения обмена углеводов;E74
10 000 453;Нарушения обмена сфинголипидов и другие болезни накопления липидов;E75
10 000 454;Нарушения обмена глюкозаминогликанов;E76
10 000 455;Нарушения обмена гликопротеинов;E77
10 000 456;Нарушения обмена липопротеидов и другие липидемии;E78
10 000 457;Нарушения обмена пуринов и пиримидинов;E79
10 000 458;Нарушения обмена порфирина и билирубина;E80
10 000 459;Нарушения минерального обмена;E83
10 000 460;Кистозный фиброз;E84
10 000 461;Амилоидоз;E85
10 000 462;Уменьшение объема жидкости;E86
10 000 463;Другие нарушения водно-солевого обмена или кислотно-щелочного равновесия;E87
10 000 464;Другие нарушения обмена веществ;E88
10 000 465;Эндокринные и метаболические нарушения, возникшие после медицинских процедур, не классифицированные в других рубриках;E89
10 000 466;Расстройства питания и нарушения обмена веществ при болезнях, классифицированных в других рубриках;E90*
10 000 467;Деменция при болезни Альцгеймера (G30.-+);F00*
10 000 468;Сосудистая деменция;F01
10 000 469;Деменция при других болезнях, классифицированных в других рубриках;F02*
10 000 470;Деменция неуточненная;F03
10 000 471;Органический амнестический синдром, не вызванный алкоголем или другими психоактивными веществами;F04
10 000 472;Делирий, не вызванный алкоголем или другими психоактивными веществами;F05
10 000 473;Другие психические расстройства, обусловленные повреждением и дисфункцией головного мозга или соматической болезнью;F06
10 000 474;Расстройства личности и поведения, обусловленные болезнью, повреждением или дисфункцией головного мозга;F07
10 000 475;Органическое или симптоматическое психическое расстройство неуточненное;F09
10 000 476;Психические и поведенческие расстройства, вызванные употреблением алкоголя;F10
10 000 477;Психические и поведенческие расстройства, вызванные употреблением опиоидов;F11
10 000 478;Психические и поведенческие расстройства, вызванные употреблением каннабиоидов;F12
10 000 479;Психические и поведенческие расстройства, вызванные употреблением седативных или снотворных средств;F13
10 000 480;Психические и поведенческие расстройства, вызванные употреблением кокаина;F14
10 000 481;Психические и поведенческие расстройства, вызванные употреблением других стимуляторов (включая кофеин);F15
10 000 482;Психические и поведенческие расстройства, вызванные употребле-;F16
10 000 483;Психические и поведенческие расстройства, вызванные употреблением табака;F17
10 000 484;Психические и поведенческие расстройства, вызванные употреблением летучих растворителей;F18
10 000 485;Психические и поведенческие расстройства, вызванные одновре менным употреблением нескольких наркотических средств и использованием других психоактивных веществ;F19
10 000 486;Шизофрения;F20
10 000 487;Шизотипическое расстройство;F21
10 000 488;Хронические бредовые расстройства;F22
10 000 489;Острые и преходящие психотические расстройства;F23
10 000 490;Индуцированное бредовое расстройство;F24
10 000 491;Шизоаффективные расстройства;F25
10 000 492;Другие неорганические психотические расстройства;F28
10 000 493;Неорганический психоз неуточненный;F29
10 000 494;Маниакальный эпизод;F30
10 000 495;Биполярное аффективное расстройство;F31
10 000 496;Депрессивный эпизод;F32
10 000 497;Рекуррентное депрессивное расстройство;F33
10 000 498;Устойчивые расстройства настроения [аффективные расстройства];F34
10 000 499;Другие расстройства настроения [аффективные];F38
10 000 500;Расстройство настроения [аффективное] неуточненное;F39
10 000 501;Фобические тревожные расстройства;F40
10 000 502;Другие тревожные расстройства;F41
10 000 503;Обсессивно-компульсивное расстройство;F42
10 000 504;Реакция на тяжелый стресс и нарушения адаптации;F43
10 000 505;Диссоциативные [конверсионные] расстройства;F44
10 000 506;Соматоформные расстройства;F45
10 000 507;Другие невротические расстройства;F48
10 000 508;Расстройства приема пищи;F50
10 000 509;Расстройства сна неорганической этиологии;F51
10 000 510;Сексуальная дисфункция, не обусловленная органическими нарушениями или болезнями;F52
10 000 511;Психические расстройства и расстройства поведения, связанные с послеродовым периодом, не классифицированные в других рубриках;F53
10 000 512;Психологические и поведенческие факторы, связанные с нарушениями или болезнями, классифицированными в других рубриках;F54
10 000 513;Злоупотребление веществами, не вызывающими зависимость;F55
10 000 514;Поведенческие синдромы, связанные с физиологическими нарушениями и физическими факторами, неуточненные;F59
10 000 515;Специфические расстройства личности;F60
10 000 516;Смешанные и другие расстройства личности;F61
10 000 517;Стойкие изменения личности, не связанные с повреждением или болезнью головного мозга;F62
10 000 518;Расстройства привычек и влечений;F63
10 000 519;Расстройства половой идентификации;F64
10 000 520;Расстройства сексуального предпочтения;F65
10 000 521;Психологические и поведенческие расстройства, связанные с половым развитием и ориентацией;F66
10 000 522;Другие расстройства личности и поведения в зрелом возрасте;F68
10 000 523;Расстройство личности и поведения в зрелом возрасте неуточненное;F69
10 000 524;Умственная отсталость легкой степени;F70
10 000 525;Умственная отсталость умеренная;F71
10 000 526;Умственная отсталость тяжелая;F72
10 000 527;Умственная отсталость глубокая;F73
10 000 528;Другие формы умственной отсталости;F78
10 000 529;Умственная отсталость неуточненная;F79
10 000 530;Специфические расстройства развития речи и языка;F80
10 000 531;Специфические расстройства развития учебных навыков;F81
10 000 532;Специфические расстройства развития моторной функции;F82
10 000 533;Смешанные специфические расстройства психологического развития;F83
10 000 534;Общие расстройства психологического развития;F84
10 000 535;Другие расстройства психологического развития;F88
10 000 536;Расстройство психологического развития неуточненное;F89
10 000 537;Гиперкинетические расстройства;F90
10 000 538;Расстройства поведения;F91
10 000 539;Смешанные расстройства поведения и эмоций;F92
10 000 540;Эмоциональные расстройства, начало которых специфично для детского возраста;F93
10 000 541;Расстройства социального функционирования, начало которых характерно для детского и подросткового возрастов;F94
10 000 542;Тики;F95
10 000 543;Другие эмоциональные расстройства и расстройства поведения, начинающиеся обычно в детском и подростковом возрасте;F98
10 000 544;НЕУТОЧНЕННЫЕ ПСИХИЧЕСКИЕ РАССТРОЙСТВА;F99
10 000 545;Бактериальный менингит, не классифицированный в других рубриках;G00
10 000 546;Менингит при бактериальных болезнях, классифицированных в других рубриках;G01*
10 000 547;Менингит при других инфекционных и паразитарных болезнях, классифицированных в других рубриках;G02*
10 000 548;Менингит, обусловленный другими и неуточненными причинами;G03
10 000 549;Энцефалит, миелит и энцефаломиелит;G04
10 000 550;Энцефалит, миелит и энцефаломиелит при болезнях, классифицированных в других рубриках;G05*
10 000 551;Внутричерепной и внутрипозвоночный абсцесс и гранулема;G06
10 000 552;Внутричерепной и внутрипозвоночный абсцесс и гранулема при болезнях, классифицированных в других рубриках;G07*
10 000 553;Внутричерепной и внутрипозвоночный флебит и тромбофлебит;G08
10 000 554;Последствия воспалительных болезней центральной нервной системы;G09
10 000 555;Болезнь Гентингтона;G10
10 000 556;Наследственная атаксия;G11
10 000 557;Спинальная мышечная атрофия и родственные синдромы;G12
10 000 558;Системные атрофии, поражающие преимущественно центральную нервную систему при болезнях, классифицированных в других рубриках;G13*
10 000 559;Болезнь Паркинсона;G20
10 000 560;Вторичный паркинсонизм;G21
10 000 561;Паркинсонизм при болезнях, классифицированных в других рубриках;G22*
10 000 562;Другие дегенеративные болезни базальных ганглиев;G23
10 000 563;Дистония;G24
10 000 564;Другие экстрапирамидные и двигательные нарушения;G25
10 000 565;Экстрапирамидные и двигательные нарушения при болезнях, классифицированных в других рубриках;G26*
10 000 566;Болезнь Альцгеймера;G30
10 000 567;Другие дегенеративные болезни нервной системы, не классифицированные в других рубриках;G31
10 000 568;Другие дегенеративные нарушения нервной системы при болезнях, классифицированных в других рубриках;G32*
10 000 569;Рассеянный склероз;G35
10 000 570;Другая форма острой диссеминированной демиелинизации;G36
10 000 571;Другие демиелинизирующие болезни центральной нервной системы;G37
10 000 572;Эпилепсия;G40
10 000 573;Эпилептический статус;G41
10 000 574;Мигрень;G43
10 000 575;Другие синдромы головной боли;G44
10 000 576;Преходящие транзиторные церебральные ишемические приступы [атаки] и родственные синдромы;G45
10 000 577;Сосудистые мозговые синдромы при цереброваскулярных болезнях (I60-I67+);G46*
10 000 578;Расстройства сна;G47
10 000 579;Поражения тройничного нерва;G50
10 000 580;Поражения лицевого нерва;G51
10 000 581;Поражения других черепных нервов;G52
10 000 582;Поражения черепных нервов при болезнях, классифицированных в других рубриках;G53*
10 000 583;Поражения нервных корешков и сплетений;G54
10 000 584;Сдавления нервных корешков и сплетений при болезнях, классифицированных в других рубриках;G55*
10 000 585;Мононевропатии верхней конечности;G56
10 000 586;Мононевропатии нижней конечности;G57
10 000 587;Другие мононевропатии;G58
10 000 588;Мононевропатия при болезнях, классифицированных в других рубриках;G59*
10 000 589;Наследственная и идиопатическая невропатия;G60
10 000 590;Воспалительная полиневропатия;G61
10 000 591;Другие полиневропатии;G62
10 000 592;Полиневропатия при болезнях, классифицированных в других рубриках;G63*
10 000 593;Другие расстройства периферической нервной системы;G64
10 000 594;Myasthenia gravis и другие нарушения нервно-мышечного синапса;G70
10 000 595;Первичные поражения мышц;G71
10 000 596;Другие миопатии;G72
10 000 597;Поражения нервно-мышечного синапса и мышц при болезнях, классифицированных в других рубриках;G73*
10 000 598;Детский церебральный паралич;G80
10 000 599;Гемиплегия;G81
10 000 600;Параплегия и тетраплегия;G82
10 000 601;Другие паралитические синдромы;G83
10 000 602;Расстройства вегетативной [автономной] нервной системы;G90
10 000 603;Гидроцефалия;G91
10 000 604;Токсическая энцефалопатия;G92
10 000 605;Другие поражения головного мозга;G93
10 000 606;Другие поражения головного мозга при болезнях, классифицированных в других рубриках;G94*
10 000 607;Другие болезни спинного мозга;G95
10 000 608;Другие нарушения центральной нервной системы;G96
10 000 609;Нарушения нервной системы после медицинских процедур, не классифицированные в других рубриках;G97
10 000 610;Другие нарушения нервной системы, не классифицированные в других рубриках;G98
10 000 611;Другие поражения нервной системы при болезнях, классифицированных в других рубриках;G99*
10 000 612;Гордеолум и халазион;H00
10 000 613;Другие воспаления век;H01
10 000 614;Другие болезни век;H02
10 000 615;Поражения века при болезнях, классифицированных в других рубриках;H03*
10 000 616;Болезни слезного аппарата;H04
10 000 617;Болезни глазницы;H05
10 000 618;Поражения слезного аппарата и глазницы при болезнях, классифицированных в других рубриках;H06*
10 000 619;Конъюнктивит;H10
10 000 620;Другие болезни конъюнктивы;H11
10 000 621;Поражения конъюнктивы при болезнях, классифицированных в других рубриках;H13*
10 000 622;Болезни склеры;H15
10 000 623;Кератит;H16
10 000 624;Рубцы и помутнение роговицы;H17
10 000 625;Другие болезни роговицы;H18
10 000 626;Поражения склеры и роговицы при болезнях, классифицированных в других рубриках;H19*
10 000 627;Иридоциклит;H20
10 000 628;Другие болезни радужной оболочки и цилиарного тела;H21
10 000 629;Поражения радужной оболочки и цилиарного тела при болезнях, классифицированных в других рубриках;H22*
10 000 630;Старческая катаракта;H25
10 000 631;Другие катаракты;H26
10 000 632;Другие болезни хрусталика;H27
10 000 633;Катаракта и другие поражения хрусталика при болезнях, классифицированных в других рубриках;H28*
10 000 634;Хориоретинальное воспаление;H30
10 000 635;Другие болезни сосудистой оболочки глаза;H31
10 000 636;Хориоретинальные нарушения при болезнях, классифицированных в других рубриках;H32*
10 000 637;Отслойка и разрывы сетчатки;H33
10 000 638;Окклюзии сосудов сетчатки;H34
10 000 639;Другие болезни сетчатки;H35
10 000 640;Поражения сетчатки при болезнях, классифицированных в других рубриках;H36*
10 000 641;Глаукома;H40
10 000 642;Глаукома при болезнях, классифицированных в других рубриках;H42*
10 000 643;Болезни стекловидного тела;H43
10 000 644;Болезни глазного яблока;H44
10 000 645;Поражения стекловидного тела и глазного яблока при болезнях, классифицированных в других рубриках;H45*
10 000 646;Неврит зрительного нерва;H46
10 000 647;Другие болезни зрительного [2-го] нерва и зрительных путей;H47
10 000 648;Поражения зрительного [2-го] нерва и зрительных путей при болезнях, классифицированных в других рубриках;H48*
10 000 649;Паралитическое косоглазие;H49
10 000 650;Другие формы косоглазия;H50
10 000 651;Другие нарушения содружественного движения глаз;H51
10 000 652;Нарушения рефракции и аккомодации;H52
10 000 653;Расстройства зрения;H53
10 000 654;Слепота и пониженное зрение;H54
10 000 655;Нистагм и другие непроизвольные движения глаз;H55
10 000 656;Другие болезни глаза и его придаточного аппарата;H57
10 000 657;Другие поражения глаза и его придаточного аппарата при болезнях, классифицированных в других рубриках;H58*
10 000 658;Поражения глаза и его придаточного аппарата после медицинских процедур;H59
10 000 659;Наружный отит;H60
10 000 660;Другие болезни наружного уха;H61
10 000 661;Поражения наружного уха при болезнях, классифицированных в других рубриках;H62*
10 000 662;Негнойный средний отит;H65
10 000 663;Гнойный и неуточненный средний отит;H66
10 000 664;Средний отит при болезнях, классифицированных в других рубриках;H67*
10 000 665;Воспаление и закупорка слуховой [евстахиевой] трубы;H68
10 000 666;Другие болезни слуховой [евстахиевой] трубы;H69
10 000 667;Мастоидит и родственные состояния;H70
10 000 668;Холестеатома среднего уха;H71
10 000 669;Перфорация барабанной перепонки;H72
10 000 670;Другие болезни барабанной перепонки;H73
10 000 671;Другие болезни среднего уха и сосцевидного отростка;H74
10 000 672;Другие поражения среднего уха и сосцевидного отростка при болезнях, классифицированных в других рубриках;H75*
10 000 673;Отосклероз;H80
10 000 674;Нарушения вестибулярной функции;H81
10 000 675;Вестибулярные синдромы при болезнях, классифицированных в других рубриках;H82*
10 000 676;Другие болезни внутреннего уха;H83
10 000 677;Кондуктивная и нейросенсорная потеря слуха;H90
10 000 678;Другая потеря слуха;H91
10 000 679;Оталгия и выделения из уха;H92
10 000 680;Другие болезни уха, не классифицированные в других рубриках;H93
10 000 681;Другие поражения уха при болезнях, классифицированных в других рубриках;H94*
10 000 682;Поражения уха и сосцевидного отростка после медицинских процедур, не классифицированные в других рубриках;H95
10 000 683;Ревматическая лихорадка без упоминания о вовлечении сердца;I00
10 000 684;Ревматическая лихорадка с вовлечением сердца;I01
10 000 685;Ревматическая хорея;I02
10 000 686;Ревматические болезни митрального клапана;I05
10 000 687;Ревматические болезни аортального клапана;I06
10 000 688;Ревматические болезни трехстворчатого клапана;I07
10 000 689;Поражения нескольких клапанов;I08
10 000 690;Другие ревматические болезни сердца;I09
10 000 691;Эссенциальная [первичная] гипертензия;I10
10 000 692;Гипертензивная болезнь сердца [гипертоническая болезнь сердца с преимущественным поражением сердца];I11
10 000 693;Гипертензивная [гипертоническая] болезнь с преимущественным поражением почек;I12
10 000 694;Гипертензивная  [гипертоническая] болезнь с преимущественным поражением сердца и почек;I13
10 000 695;Вторичная гипертензия;I15
10 000 696;Стенокардия [грудная жаба];I20
10 000 697;Острый инфаркт миокарда;I21
10 000 698;Повторный инфаркт миокарда;I22
10 000 699;Некоторые текущие осложнения острого инфаркта миокарда;I23
10 000 700;Другие формы острой ишемической болезни сердца;I24
10 000 701;Хроническая ишемическая болезнь сердца;I25
10 000 702;Легочная эмболия;I26
10 000 703;Другие формы легочно-сердечной недостаточности;I27
10 000 704;Другие болезни легочных сосудов;I28
10 000 705;Острый перикардит;I30
10 000 706;Другие болезни перикарда;I31
10 000 707;Перикардит при болезнях, классифицированных в других рубриках;I32*
10 000 708;Острый и подострый эндокардит;I33
10 000 709;Неревматические поражения митрального клапана;I34
10 000 710;Неревматические поражения аортального клапана;I35
10 000 711;Неревматические поражения трехстворчатого клапана;I36
10 000 712;Поражения клапана легочной артерии;I37
10 000 713;Эндокардит, клапан не уточнен;I38
10 000 714;Эндокардит и поражения клапанов сердца при болезнях, классифицированных в других рубриках;I39*
10 000 715;Острый миокардит;I40
10 000 716;Миокардит при болезнях, классифицированных в других рубриках;I41*
10 000 717;Кардиомиопатия;I42
10 000 718;Кардиомиопатия при болезнях, классифицированных в других рубриках;I43*
10 000 719;Предсердно-желудочковая [атриовентрикулярная] блокада и блокада левой ножки пучка [Гиса];I44
10 000 720;Другие нарушения проводимости;I45
10 000 721;Остановка сердца;I46
10 000 722;Пароксизмальная тахикардия;I47
10 000 723;Фибрилляция и трепетание предсердий;I48
10 000 724;Другие нарушения сердечного ритма;I49
10 000 725;Сердечная недостаточность;I50
10 000 726;Осложнения и неточно обозначенные болезни сердца;I51
10 000 727;Другие поражения сердца при болезнях, классифицированных в других рубриках;I52*
10 000 728;Субарахноидальное кровоизлияние;I60
10 000 729;Внутримозговое кровоизлияние;I61
10 000 730;Другое нетравматическое внутричерепное кровоизлияние;I62
10 000 731;Инфаркт мозга;I63
10 000 732;Инсульт, не уточненный как кровоизлияние или инфаркт;I64
10 000 733;Закупорка и стеноз прецеребральных артерий, не приводящие к инфаркту мозга;I65
10 000 734;Закупорка и стеноз церебральных артерий, не приводящие к инфаркту мозга;I66
10 000 735;Другие цереброваскулярные болезни;I67
10 000 736;Поражения сосудов мозга при болезнях, классифицированных в других рубриках;I68*
10 000 737;Последствия цереброваскулярных болезней;I69
10 000 738;Атеросклероз;I70
10 000 739;Аневризма и расслоение аорты;I71
10 000 740;Другие формы аневризмы;I72
10 000 741;Другие болезни периферических сосудов;I73
10 000 742;Эмболия и тромбоз артерий;I74
10 000 743;Другие поражения артерий и артериол;I77
10 000 744;Болезни капилляров;I78
10 000 745;Поражения артерий, артериол и капилляров при болезнях, классифицированных в других рубриках;I79*
10 000 746;Флебит и тромбофлебит;I80
10 000 747;Тромбоз портальной вены;I81
10 000 748;Эмболия и тромбоз других вен;I82
10 000 749;Варикозное расширение вен нижних конечностей;I83
10 000 750;Геморрой;I84
10 000 751;Варикозное расширение вен пищевода;I85
10 000 752;Варикозное расширение вен других локализаций;I86
10 000 753;Другие поражения вен;I87
10 000 754;Неспецифический лимфаденит;I88
10 000 755;Другие неинфекционные болезни лимфатических сосудов и лимфатических узлов;I89
10 000 756;Гипотензия;I95
10 000 757;Нарушения системы кровообращения после медицинских процедур, не классифицированные в других рубриках;I97
10 000 758;Другие нарушения системы кровообращения при болезнях, классифицированных в других рубриках;I98*
10 000 759;Другие и неуточненные нарушения системы кровообращения;I99
10 000 760;Острый назофарингит (насморк);J00
10 000 761;Острый синусит;J01
10 000 762;Острый фарингит;J02
10 000 763;Острый тонзиллит;J03
10 000 764;Острый ларингит и трахеит;J04
10 000 765;Острый обструктивный ларингит [круп] и эпиглоттит;J05
10 000 766;Острые инфекции верхних дыхательных путей множественной и неуточненной локализации;J06
10 000 767;Грипп, вызванный идентифицированным вирусом гриппа;J10
10 000 768;Грипп, вирус не идентифицирован;J11
10 000 769;Вирусная пневмония, не классифицированная в других рубриках;J12
10 000 770;Пневмония, вызванная Streptococcus pneumoniae;J13
10 000 771;Пневмония, вызванная Haemophilus influenzae [палочкой Афанасьева-Пфейффера];J14
10 000 772;Бактериальная пневмония, не классифицированная в других рубриках;J15
10 000 773;Пневмония, вызванная другими инфекционными возбудителями, не классифицированная в других рубриках;J16
10 000 774;Пневмония при болезнях, классифицированных в других рубриках;J17*
10 000 775;Пневмония без уточнения возбудителя;J18
10 000 776;Острый бронхит;J20
10 000 777;Острый бронхиолит;J21
10 000 778;Острая респираторная инфекция нижних дыхательных путей неуточненная;J22
10 000 779;Вазомоторный и аллергический ринит;J30
10 000 780;Хронический ринит, назофарингит и фарингит;J31
10 000 781;Хронический синусит;J32
10 000 782;Полип носа;J33
10 000 783;Другие болезни носа и носовых синусов;J34
10 000 784;Хронические болезни миндалин и аденоидов;J35
10 000 785;Перитонзиллярный абсцесс;J36
10 000 786;Хронический ларингит и ларинготрахеит;J37
10 000 787;Болезни голосовых складок и гортани, не классифицированные в других рубриках;J38
10 000 788;Другие болезни верхних дыхательных путей;J39
10 000 789;Бронхит, не уточненный как острый или хронический;J40
10 000 790;Простой и слизисто-гнойный хронический бронхит;J41
10 000 791;Хронический бронхит неуточненный;J42
10 000 792;Эмфизема;J43
10 000 793;Другая хроническая обструктивная легочная болезнь;J44
10 000 794;Астма;J45
10 000 795;Астматическое статус [status asthmaticus];J46
10 000 796;Бронхоэктазия;J47
10 000 797;Пневмокониоз угольщика;J60
10 000 798;Пневмокониоз, вызванный асбестом и другими минеральными веществами;J61
10 000 799;Пневмокониоз, вызванный пылью, содержащей кремний;J62
10 000 800;Пневмокониоз, вызванный другой неорганической пылью;J63
10 000 801;Пневмокониоз неуточненный;J64
10 000 802;Пневмокониоз, связанный с туберкулезом;J65
10 000 803;Болезнь дыхательных путей, вызванная специфической органической пылью;J66
10 000 804;Гиперсенситивный пневмонит, вызванный органической пылью;J67
10 000 805;Респираторные состояния, вызванные вдыханием химических веществ, газов, дымов и паров;J68
10 000 806;Пневмонит, вызванный твердыми веществами и жидкостями;J69
10 000 807;Респираторные состояния, вызванные другими внешними агентами;J70
10 000 808;Синдром респираторного расстройства [дистресса] у взрослого;J80
10 000 809;Легочный отек;J81
10 000 810;Легочная эозинофилия, не классифицированная в других рубриках;J82
10 000 811;Другие интерстициальные легочные болезни;J84
10 000 812;Абсцесс легкого и средостения;J85
10 000 813;Пиоторакс;J86
10 000 814;Плевральный выпот, не классифицированный в других рубриках;J90
10 000 815;Плевральный выпот при состояниях, классифицированных в других рубриках;J91*
10 000 816;Плевральная бляшка;J92
10 000 817;Пневмоторакс;J93
10 000 818;Другие поражения плевры;J94
10 000 819;Респираторные нарушения после медицинских процедур, не классифицированные в других рубриках;J95
10 000 820;Дыхательная недостаточность, не классифицированная в других рубриках;J96
10 000 821;Другие респираторные нарушения;J98
10 000 822;Респираторные нарушения при болезнях, классифицированных в других рубриках;J99*
10 000 823;Нарушения развития и прорезывания зубов;K00
10 000 824;Ретенированные и импактные зубы;K01
10 000 825;Кариес зубов;K02
10 000 826;Другие болезни твердых тканей зубов;K03
10 000 827;Болезни пульпы и периапикальных тканей;K04
10 000 828;Гингивит и болезни пародонта;K05
10 000 829;Другие изменения десны и беззубого альвеолярного края;K06
10 000 830;Челюстно-лицевые аномалии [включая аномалии прикуса];K07
10 000 831;Другие изменения зубов и их опорного аппарата;K08
10 000 832;Кисты области рта, не классифицированные в других рубриках;K09
10 000 833;Другие болезни челюстей;K10
10 000 834;Болезнь слюнных желез;K11
10 000 835;Стоматит и родственные поражения;K12
10 000 836;Другие болезни губ и слизистой оболочки полости рта;K13
10 000 837;Болезни языка;K14
10 000 838;Эзофагит;K20
10 000 839;Гастроэзофагеальный рефлюкс;K21
10 000 840;Другие болезни пищевода;K22
10 000 841;Поражения пищевода при болезнях, классифицированных в других рубриках;K23*
10 000 842;Язва желудка;K25
10 000 843;Язва двенадцатиперстной кишки;K26
10 000 844;Пептическая язва неуточненной локализации;K27
10 000 845;Гастроеюнальная язва;K28
10 000 846;Гастрит и дуоденит;K29
10 000 847;Диспепсия;K30
10 000 848;Другие болезни желудка и двенадцатиперстной кишки;K31
10 000 849;Острый аппендицит;K35
10 000 850;Другие формы аппендицита;K36
10 000 851;Аппендицит неуточненный;K37
10 000 852;Другие болезни аппендикса;K38
10 000 853;Паховая грыжа;K40
10 000 854;Бедренная грыжа;K41
10 000 855;Пупочная грыжа;K42
10 000 856;Грыжа передней брюшной стенки;K43
10 000 857;Диафрагмальная грыжа;K44
10 000 858;Другие грыжи брюшной полости;K45
10 000 859;Грыжа брюшной полости неуточненная;K46
10 000 860;Болезнь Крона [регионарный энтерит];K50
10 000 861;Язвенный колит;K51
10 000 862;Другие неинфекционные гастроэнтериты и колиты;K52
10 000 863;Сосудистые болезни кишечника;K55
10 000 864;Паралитический илеус и непроходимость кишечника без грыжи;K56
10 000 865;Дивертикулярная болезнь кишечника;K57
10 000 866;Синдром раздраженного кишечника;K58
10 000 867;Другие функциональные кишечные нарушения;K59
10 000 868;Трещина и свищ области заднего прохода и прямой кишки;K60
10 000 869;Абсцесс области заднего прохода и прямой кишки;K61
10 000 870;Другие болезни заднего прохода и прямой кишки;K62
10 000 871;Другие болезни кишечника;K63
10 000 872;Перитонит;K65
10 000 873;Другие поражения брюшины;K66
10 000 874;Поражения брюшины при инфекционных болезнях, классифицированных в других рубриках;K67*
10 000 875;Алкогольная болезнь печени;K70
10 000 876;Токсическое поражение печени;K71
10 000 877;Печеночная недостаточность, не классифицированная в других рубриках;K72
10 000 878;Хронический гепатит, не классифицированный в других рубриках;K73
10 000 879;Фиброз и цирроз печени;K74
10 000 880;Другие воспалительные болезни печени;K75
10 000 881;Другие болезни печени;K76
10 000 882;Поражения печени при болезнях, классифицированных в других рубриках;K77*
10 000 883;Желчекаменная болезнь [холелитиаз];K80
10 000 884;Холецистит;K81
10 000 885;Другие болезни желчного пузыря;K82
10 000 886;Другие болезни желчевыводящих путей;K83
10 000 887;Острый панкреатит;K85
10 000 888;Другие болезни поджелудочной железы;K86
10 000 889;Поражения желчного пузыря, желчевыводящих путей и поджелудочной железы при болезнях, классифицированных в других рубриках;K87*
10 000 890;Нарушения всасывания в кишечнике;K90
10 000 891;Нарушения органов пищеварения после медицинских процедур, не классифицированные в других рубриках;K91
10 000 892;Другие болезни органов пищеварения;K92
10 000 893;Поражения других органов пищеварения при болезнях,классифицированных в других рубриках;K93*
10 000 894;Синдром стафилококкового поражения кожи в виде ожогоподобных пузырей;L00
10 000 895;Импетиго;L01
10 000 896;Абсцесс кожи, фурункул и карбункул;L02
10 000 897;Флегмона;L03
10 000 898;Острый лимфаденит;L04
10 000 899;Пилонидальная киста;L05
10 000 900;Другие местные инфекции кожи и подкожной клетчатки;L08
10 000 901;Пузырчатка [пемфигус];L10
10 000 902;Другие акантолитические нарушения;L11
10 000 903;Пемфигоид;L12
10 000 904;Другие буллезные изменения;L13
10 000 905;Буллезные нарушения кожи при болезнях, классифицированных в других рубриках;L14*
10 000 906;Атопический дерматит;L20
10 000 907;Себорейный дерматит;L21
10 000 908;Пеленочный дерматит;L22
10 000 909;Аллергический контактный дерматит;L23
10 000 910;Простой раздражительный [irritant] контактный дерматит;L24
10 000 911;Контактный дерматит неуточненный;L25
10 000 912;Эксфолиативный дерматит;L26
10 000 913;Дерматит, вызванный веществами, принятыми внутрь;L27
10 000 914;Простой хронический лишай и почесуха;L28
10 000 915;Зуд;L29
10 000 916;Другие дерматиты;L30
10 000 917;Псориаз;L40
10 000 918;Парапсориаз;L41
10 000 919;Питириаз розовый [Жибера];L42
10 000 920;Лишай красный плоский;L43
10 000 921;Другие папулосквамозные изменения;L44
10 000 922;Папулосквамозные нарушения при болезнях, классифицированных в других рубриках;L45*
10 000 923;Крапивница;L50
10 000 924;Эритема многоформная;L51
10 000 925;Эритема узловатая;L52
10 000 926;Другие эритематозные состояния;L53
10 000 927;Эритема при болезнях, классифицированных в других рубриках;L54*
10 000 928;Солнечный ожог;L55
10 000 929;Другие острые изменения кожи, вызванные ультрафиолетовым излучением;L56
10 000 930;Изменения кожи, вызванные хроническим воздействием неионизирующего излучения;L57
10 000 931;Радиационный дерматит лучевой;L58
10 000 932;Другие болезни кожи и подкожной клетчатки, связанные с излучением;L59
10 000 933;Болезни ногтей;L60
10 000 934;Изменения ногтей при болезнях, классифицированных в других рубриках;L62*
10 000 935;Гнездная алопеция;L63
10 000 936;Андрогенная алопеция;L64
10 000 937;Другая нерубцующая потеря волос;L65
10 000 938;Рубцующая алопеция;L66
10 000 939;Аномалии цвета волос и волосяного стержня;L67
10 000 940;Гипертрихоз;L68
10 000 941;Угри;L70
10 000 942;Розацеа;L71
10 000 943;Фолликулярные кисты кожи и подкожной клетчатки;L72
10 000 944;Другие болезни волосяных фолликулов;L73
10 000 945;Болезни мерокринных [эккринных] потовых желез;L74
10 000 946;Болезни апокринных потовых желез;L75
10 000 947;Витилиго;L80
10 000 948;Другие нарушения пигментации;L81
10 000 949;Себорейный кератоз;L82
10 000 950;Acanthosis nigricans;L83
10 000 951;Мозоли и омозолелости;L84
10 000 952;Другие эпидермальные утолщения;L85
10 000 953;Кератодермии при болезнях, классифицированных в других рубриках;L86*
10 000 954;Трансэпидермальные прободные изменения;L87
10 000 955;Пиодермия гангренозная;L88
10 000 956;Декубитальная язва;L89
10 000 957;Атрофические поражения кожи;L90
10 000 958;Гипертрофические изменения кожи;L91
10 000 959;Гранулематозные изменения кожи и подкожной клетчатки;L92
10 000 960;Красная волчанка;L93
10 000 961;Другие локализованные изменения соединительной ткани;L94
10 000 962;Васкулит, ограниченный кожей, не классифицированный в других рубриках;L95
10 000 963;Язва нижней конечности, не классифицированная в других рубриках;L97
10 000 964;Другие болезни кожи и подкожной клетчатки, не классифицированные в других рубриках;L98
10 000 965;Другие поражения кожи и подкожной клетчатки при болезнях, классифицированных в других рубриках;L99*
10 000 966;Пиогенный артрит;M00
10 000 967;Прямое инфицирование сустава при инфекционных и паразитарных болезнях, классифицированных в других рубриках;M01*
10 000 968;Реактивные артропатии;M02
10 000 969;Постинфекционные и реактивные артропатии при болезнях,классифицированных в других рубриках;M03*
10 000 970;Серопозитивный ревматоидный артрит;M05
10 000 971;Другие ревматоидные артриты;M06
10 000 972;Псориатические и энтеропатические артропатии;M07*
10 000 973;Юношеский [ювенильный] артрит;M08
10 000 974;Юношеский [ювенильный] артрит при болезнях, классифицированных в других рубриках;M09*
10 000 975;Подагра;M10
10 000 976;Другие кристаллические артропатии;M11
10 000 977;Другие специфические артропатии;M12
10 000 978;Другие артриты;M13
10 000 979;Артропатии при других болезнях, классифицированных в других рубриках;M14*
10 000 980;Полиартроз;M15
10 000 981;Коксартроз [артроз тазобедренного сустава];M16
10 000 982;Гонартроз [артроз коленного сустава];M17
10 000 983;Артроз первого запястно-пястного сустава;M18
10 000 984;Другие артрозы;M19
10 000 985;Приобретенные деформации пальцев рук и ног;M20
10 000 986;Другие приобретенные деформации конечностей;M21
10 000 987;Поражения надколенника;M22
10 000 988;Внутрисуставные поражения колена;M23
10 000 989;Другие специфические поражения суставов;M24
10 000 990;Другие поражения суставов, не классифицированные в других рубриках;M25
10 000 991;Узелковый полиартериит и родственные состояния;M30
10 000 992;Другие некротизирующие васкулопатии;M31
10 000 993;Системная красная волчанка;M32
10 000 994;Дерматополимиозит;M33
10 000 995;Системный склероз;M34
10 000 996;Другие системные поражения соединительной ткани;M35
10 000 997;Системные поражения соединительной ткани при болезнях, классифицированных в других рубриках;M36*
10 000 998;Кифоз и лордоз;M40
10 000 999;Сколиоз;M41
10 001 000;Остеохондроз позвоночника;M42
10 001 001;Другие деформирующие дорсопатии;M43
10 001 002;Анкилозирующий спондилит;M45
10 001 003;Другие воспалительные спондилопатии;M46
10 001 004;Спондилез;M47
10 001 005;Другие спондилопатии;M48
10 001 006;Спондилопатии при болезнях, классифицированных в других рубриках;M49*
10 001 007;Поражение межпозвоночных дисков шейного отдела;M50
10 001 008;Поражение межпозвоночных дисков других отделов;M51
10 001 009;Другие дорсопатии, не классифицированные в других рубриках;M53
10 001 010;Дорсалгия;M54
10 001 011;Миозит;M60
10 001 012;Кальцификация и оссификация мышцы;M61
10 001 013;Другие нарушения мышцы;M62
10 001 014;Поражения мышцы при болезнях, классифицированных в других рубриках;M63*
10 001 015;Синовиты и теносиновиты;M65
10 001 016;Спонтанный разрыв синовиальной оболочки и сухожилия;M66
10 001 017;Другие нарушения синовиальных оболочек и сухожилий;M67
10 001 018;Поражения синовиальных  оболочек и сухожилий при болезнях, классифицированных в других рубриках;M68*
10 001 019;Болезни мягких тканей, связанные с нагрузкой, перегрузкой и давлением;M70
10 001 020;Другие бурсопатии;M71
10 001 021;Фибробластические нарушения;M72
10 001 022;Поражения мягких тканей при болезнях, классифицированных в других рубриках;M73*
10 001 023;Поражения плеча;M75
10 001 024;Энтезопатии нижней конечности, исключая стопу;M76
10 001 025;Другие энтезопатии;M77
10 001 026;Другие болезни мягких тканей, не классифицированные в других рубриках;M79
10 001 027;Остеопороз с патологическим переломом;M80
10 001 028;Остеопороз без патологического перелома;M81
10 001 029;Остеопороз при болезнях, классифицированных в других рубриках;M82*
10 001 030;Остеомаляция у взрослых;M83
10 001 031;Нарушения целостности кости;M84
10 001 032;Другие нарушения плотности и структуры кости;M85
10 001 033;Остеомиелит;M86
10 001 034;Остеонекроз;M87
10 001 035;Болезнь Педжета (костей) [деформирующий остеит];M88
10 001 036;Другие болезни костей;M89
10 001 037;Остеопатии при болезнях, классифицированных в других рубриках;M90*
10 001 038;Юношеский остеохондроз бедра и таза;M91
10 001 039;Другие юношеские остеохондрозы;M92
10 001 040;Другие остеохондропатии;M93
10 001 041;Другие поражения хрящей;M94
10 001 042;Другие приобретенные деформации костно-мышечной системы и соединительной ткани;M95
10 001 043;Поражения костно-мышечной системы после медицинских процедур, не классифицированные в других рубриках;M96
10 001 044;Биомеханические нарушения, не классифицированные в других рубриках;M99
10 001 045;Острый нефритический синдром;N00
10 001 046;Быстро прогрессирующий нефритический синдром;N01
10 001 047;Рецидивирующая и устойчивая гематурия;N02
10 001 048;Хронический нефритический синдром;N03
10 001 049;Нефротический синдром;N04
10 001 050;Нефритический синдром неуточненный;N05
10 001 051;Изолированная протеинурия с уточненным морфологическим;N06
10 001 052;Наследственная нефропатия, не классифицированная в других;N07
10 001 053;Гломерулярные поражения при болезнях, классифицированных в других рубриках;N08*
10 001 054;Острый тубулоинтерстициальный нефрит;N10
10 001 055;Хронический тубулоинтерстициальный нефрит;N11
10 001 056;Тубулоинтерстициальный нефрит, не уточненный как острый или хронический;N12
10 001 057;Обструктивная уропатия и рефлюкс-уропатия;N13
10 001 058;Тубулоинтерстициальные и тубулярные поражения, вызванные  лекарствами и тяжелыми металлами;N14
10 001 059;Другие тубулоинтерстициальные болезни почек;N15
10 001 060;Тубулоинтерстициальные поражения почек при болезнях, классифицированных в других рубриках;N16*
10 001 061;Острая почечная недостаточность;N17
10 001 062;Хроническая почечная недостаточность;N18
10 001 063;Почечная недостаточность неуточненная;N19
10 001 064;Камни почки и мочеточника;N20
10 001 065;Камни нижних отделов мочевых путей;N21
10 001 066;Камни мочевых путей при болезнях, классифицированных в других рубриках;N22*
10 001 067;Почечная колика неуточненная;N23
10 001 068;Нарушения, развивающиеся в результате дисфункции почечных канальцев;N25
10 001 069;Сморщенная почка неуточненная;N26
10 001 070;Маленькая почка неясного генеза;N27
10 001 071;Другие болезни почки и мочеточника, не классифицированные в других рубриках;N28
10 001 072;Другие поражения почки и мочеточника при болезнях, классифицированных в других рубриках;N29*
10 001 073;Цистит;N30
10 001 074;Нервно-мышечная дисфункция мочевого пузыря, не классифицированная в других рубриках;N31
10 001 075;Другие поражения мочевого пузыря;N32
10 001 076;Поражения мочевого пузыря при болезнях, классифицированных в других рубриках;N33*
10 001 077;Уретрит и уретральный синдром;N34
10 001 078;Стриктура уретры;N35
10 001 079;Другие болезни уретры;N36
10 001 080;Поражения уретры при болезнях, классифицированных в других рубриках;N37*
10 001 081;Другие болезни мочевыделительной системы;N39
10 001 082;Гиперплазия предстательной железы;N40
10 001 083;Воспалительные болезни предстательной железы;N41
10 001 084;Другие болезни предстательной железы;N42
10 001 085;Гидроцеле и сперматоцеле;N43
10 001 086;Перекручивание яичка;N44
10 001 087;Орхит и эпидидимит;N45
10 001 088;Мужское бесплодие;N46
10 001 089;Избыточная крайняя плоть, фимоз и парафимоз;N47
10 001 090;Другие болезни полового члена;N48
10 001 091;Воспалительные болезни мужских половых органов, не классифицированные в других рубриках;N49
10 001 092;Другие болезни мужских половых органов;N50
10 001 093;Поражения мужских половых органов при болезнях, классифицированных в других рубриках;N51*
10 001 094;Доброкачественная дисплазия молочной железы;N60
10 001 095;Воспалительные болезни молочной железы;N61
10 001 096;Гипертрофия молочной железы;N62
10 001 097;Образование в молочной железе неуточненное;N63
10 001 098;Другие болезни молочной железы;N64
10 001 099;Сальпингит и оофорит;N70
10 001 100;Воспалительные болезни матки, кроме шейки матки;N71
10 001 101;Воспалительная болезнь шейки матки;N72
10 001 102;Другие воспалительные болезни женских тазовых органов;N73
10 001 103;Воспалительные болезни женских тазовых органов при болезнях, классифицированных в других рубриках;N74*
10 001 104;Болезни бартолиновой железы;N75
10 001 105;Другие воспалительные болезни влагалища и вульвы;N76
10 001 106;Изъязвление и воспаление вульвы и влагалища при болезнях, классифицированных в других рубриках;N77*
10 001 107;Эндометриоз;N80
10 001 108;Выпадение женских половых органов;N81
10 001 109;Свищи с вовлечением женских половых органов;N82
10 001 110;Невоспалительные поражения яичника, маточной трубы и широкой связки матки;N83
10 001 111;Полип женских половых органов;N84
10 001 112;Другие невоспалительные болезни матки, за исключением шейки матки;N85
10 001 113;Эрозия и эктропион шейки матки;N86
10 001 114;Дисплазия шейки матки;N87
10 001 115;Другие невоспалительные болезни шейки матки;N88
10 001 116;Другие невоспалительные болезни влагалища;N89
10 001 117;Другие невоспалительные болезни вульвы и промежности;N90
10 001 118;Отсутствие менструаций, скудные и редкие менструации;N91
10 001 119;Обильные, частые и нерегулярные менструации;N92
10 001 120;Другие аномальные кровотечения из матки и влагалища;N93
10 001 121;Болевые и другие состояния, связанные с женскими половыми органами и менструальным циклом;N94
10 001 122;Нарушения менопаузы и другие нарушения в околоменопаузном периоде;N95
10 001 123;Привычный выкидыш;N96
10 001 124;Женское бесплодие;N97
10 001 125;Осложнения, связанные с искусственным оплодотворением;N98
10 001 126;ДРУГИЕ БОЛЕЗНИ МОЧЕПОЛОВОЙ СИСТЕМЫ;N99
10 001 127;Внематочная [эктопическая] беременность;O00
10 001 128;Пузырный занос;O01
10 001 129;Другие анормальные продукты зачатия;O02
10 001 130;Самопроизвольный аборт;O03
10 001 131;Медицинский аборт;O04
10 001 132;Другие виды аборта;O05
10 001 133;Аборт неуточненный;O06
10 001 134;Неудачная попытка аборта;O07
10 001 135;Осложнения, вызванные абортом, внематочной или молярной беременностью;O08
10 001 136;Существовавшая ранее гипертензия, осложняющая беременность, роды и послеродовой период;O10
10 001 137;Существовавшая ранее гипертензия с присоединившейся протеинурией;O11
10 001 138;Вызванные беременностью отеки и протеинурия без гипертензии;O12
10 001 139;Вызванная беременностью гипертензия без значительной протеинурии;O13
10 001 140;Вызванная беременностью гипертензия со значительной протеинурией;O14
10 001 141;Эклампсия;O15
10 001 142;Гипертензия у матери неуточненная;O16
10 001 143;Кровотечение в ранние сроки беременности;O20
10 001 144;Чрезмерная рвота беременных;O21
10 001 145;Венозные осложнения во время беременности;O22
10 001 146;Инфекция мочеполовых путей при беременности;O23
10 001 147;Сахарный диабет при беременности;O24
10 001 148;Недостаточность питания при беременности;O25
10 001 149;Медицинская помощь матери в связи с другими состояниями, связанными преимущественно с беременностью;O26
10 001 150;Отклонения от нормы, выявленные при антенатальном обследовании матери;O28
10 001 151;Осложнения, связанные с проведением анестезии в период беременности;O29
10 001 152;Многоплодная беременность;O30
10 001 153;Осложнения, характерные для многоплодной беременности;O31
10 001 154;Медицинская помощь матери при установленном или предполагаемом неправильном предлежании плода;O32
10 001 155;Медицинская помощь матери при установленном или предполагаемом несоответствии размеров таза и плода;O33
10 001 156;Медицинская помощь матери при установленной или предполагаемой аномалии органов таза;O34
10 001 157;Медицинская помощь матери при установленных или предполагаемых аномалиях и повреждениях плода;O35
10 001 158;Медицинская помощь матери при других установленных или предполагаемых патологических состояниях плода;O36
10 001 159;Многоводие;O40
10 001 160;Другие нарушения со стороны амниотической жидкости и плодных оболочек;O41
10 001 161;Преждевременный разрыв плодных оболочек;O42
10 001 162;Плацентарные нарушения;O43
10 001 163;Предлежание плаценты;O44
10 001 164;Преждевременная отслойка плаценты [abruptio placentae];O45
10 001 165;Дородовое кровотечение, не классифицированное в других рубриках;O46
10 001 166;Ложные схватки;O47
10 001 167;Переношенная беременность;O48
10 001 168;Преждевременные роды;O60
10 001 169;Неудачная попытка стимуляции родов;O61
10 001 170;Нарушения родовой деятельности [родовых сил];O62
10 001 171;Затяжные роды;O63
10 001 172;Затрудненные роды вследствие неправильного положения или предлежания плода;O64
10 001 173;Затрудненные роды вследствие аномалии таза у матери;O65
10 001 174;Другие виды затрудненных родов;O66
10 001 175;Роды и родоразрешение, осложнившиеся кровотечением во время родов, не классифицированных в других рубриках;O67
10 001 176;Роды и родоразрешение, осложнившиеся стрессом плода [дистресс];O68
10 001 177;Роды и родоразрешение, осложнившиеся патологическим состоянием пуповины;O69
10 001 178;Разрывы промежности при родоразрешении;O70
10 001 179;Другие акушерские травмы;O71
10 001 180;Послеродовое кровотечение;O72
10 001 181;Задержка плаценты и плодных оболочек без кровотечения;O73
10 001 182;Осложнения, связанные с проведением анестезии во время родов и родоразрешения;O74
10 001 183;Другие осложнения родов и родоразрешения, не классифицированные в других рубриках;O75
10 001 184;Роды одноплодные, самопроизвольное родоразрешение;O80
10 001 185;Роды одноплодные, родоразрешение с наложением щипцов или с применением вакуум-экстрактора;O81
10 001 186;Роды одноплодные, родоразрешение посредством кесарева сечения;O82
10 001 187;Роды одноплодные, родоразрешение с использованием другого акушерского пособия;O83
10 001 188;Роды многоплодные;O84
10 001 189;Послеродовой сепсис;O85
10 001 190;Другие послеродовые инфекции;O86
10 001 191;Венозные осложнения в послеродовом периоде;O87
10 001 192;Акушерская эмболия;O88
10 001 193;Осложнения, связанные с применением анестезии в послеродовом периоде;O89
10 001 194;Осложнения в послеродовом периоде, не классифицированные в других рубриках;O90
10 001 195;Инфекции молочной железы, связанные с деторождением;O91
10 001 196;Другие изменения молочной железы и нарушения лактации, связанные с деторождением;O92
10 001 197;Акушерская смерть по неуточненной причине;O95
10 001 198;Смерть матери от любой акушерской причины спустя более 42 дней, но менее одного года после родов;O96
10 001 199;Смерть матери от последствий прямых акушерских причин;O97
10 001 200;Инфекционные и паразитарные болезни матери, классифицированные в других рубриках, но осложняющие беременность, роды и послеродовой период;O98
10 001 201;Другие болезни матери, классифицированные в других рубриках, но осложняющие беременность, роды и послеродовой период;O99
10 001 202;Поражения плода и новорожденного, обусловленные состояниями матери, которые могут быть не связаны с настоящей беременностью;P00
10 001 203;Поражения плода и новорожденного, обусловленные осложнениями беременности у матери;P01
10 001 204;Поражения плода и новорожденного, обусловленные осложнениями со стороны плаценты, пуповины и плодных оболочек;P02
10 001 205;Поражения плода и новорожденного, обусловленные другими осложнениями родов и родоразрешения;P03
10 001 206;Поражения плода и новорожденного, обусловленные воздействием вредных веществ, проникающих через плаценту или грудное молоко;P04
10 001 207;Замедленный рост и недостаточность питания плода;P05
10 001 208;Расстройства, связанные с укорочением срока беременности и малой массой тела при рождении, не классифицированные в других рубриках;P07
10 001 209;Расстройства, связанные с удлиненным сроком беременности и большой массой тела при рождении;P08
10 001 210;Разрыв внутричерепных тканей и кровотечение вследствие родовой травмы;P10
10 001 211;Другие родовые травмы центральной нервной системы;P11
10 001 212;Родовая травма волосистой части головы;P12
10 001 213;Родовая травма скелета;P13
10 001 214;Родовая травма периферической нервной системы;P14
10 001 215;Другие виды родовой травмы;P15
10 001 216;Внутриутробная гипоксия;P20
10 001 217;Асфиксия при родах;P21
10 001 218;Дыхательное расстройство у новорожденного [дистресс];P22
10 001 219;Врожденная пневмония;P23
10 001 220;Неонатальные аспирационные синдромы;P24
10 001 221;Интерстициальная эмфизема и родственные состояния, возникшие в перинатальном периоде;P25
10 001 222;Легочное кровотечение, возникшее в перинатальном периоде;P26
10 001 223;Хронические болезни органов дыхания, развившиеся в перинатальном периоде;P27
10 001 224;Другие респираторные нарушения, возникшие в перинатальном периоде;P28
10 001 225;Сердечно-сосудистые нарушения, возникшие в перинатальном периоде;P29
10 001 226;Врожденные вирусные инфекции;P35
10 001 227;Бактериальный сепсис новорожденного;P36
10 001 228;Другие врожденные инфекционные и паразитарные болезни;P37
10 001 229;Омфалит новорожденного с небольшим кровотечением или без него;P38
10 001 230;Другие инфекционные болезни, специфичные для перинатального периода;P39
10 001 231;Кровопотеря у плода;P50
10 001 232;Кровотечение из пуповины у новорожденного;P51
10 001 233;Внутричерепное нетравматическое кровоизлияние у плода и новорожденного;P52
10 001 234;Геморрагическая болезнь плода и новорожденного;P53
10 001 235;Другие неонатальные кровотечения;P54
10 001 236;Гемолитическая болезнь плода и новорожденного;P55
10 001 237;Водянка плода, обусловленная гемолитической болезнью;P56
10 001 238;Ядерная желтуха;P57
10 001 239;Неонатальная желтуха, обусловленная чрезмерным гемолизом;P58
10 001 240;Неонатальная желтуха, обусловленная другими и неуточненными причинами;P59
10 001 241;Диссеминированное внутрисосудистое свертывание крови у плода и новорожденного;P60
10 001 242;Другие перинатальные гематологические нарушения;P61
10 001 243;Преходящие нарушения углеводного обмена, специфичные для плода и новорожденного;P70
10 001 244;Преходящие неонатальные нарушения обмена кальция и магния;P71
10 001 245;Другие преходящие неонатальные эндокринные нарушения;P72
10 001 246;Другие преходящие неонатальные нарушения водно-солевого обмена веществ;P74
10 001 247;Мекониевый илеус (E84.1+);P75*
10 001 248;Другие виды непроходимости кишечника у новорожденного;P76
10 001 249;Некротизирующий энтероколит у плода и новорожденного;P77
10 001 250;Другие расстройства системы пищеварения в перинатальном периоде;P78
10 001 251;Гипотермия новорожденного;P80
10 001 252;Другие нарушения терморегуляции у новорожденного;P81
10 001 253;Другие изменения наружных покровов, специфичные для плода и новорожденного;P83
10 001 254;Судороги новорожденного;P90
10 001 255;Другие нарушения церебрального статуса у новорожденного;P91
10 001 256;Проблемы вскармливания новорожденного;P92
10 001 257;Реакции и интоксикации, вызванные лекарственными средствами, введенными плоду и новорожденному;P93
10 001 258;Нарушения мышечного тонуса у новорожденного;P94
10 001 259;Смерть плода по неуточненной причине;P95
10 001 260;Другие нарушения, возникающие в перинатальном периоде;P96
10 001 261;Анэнцефалия и подобные пороки развития;Q00
10 001 262;Энцефалоцеле;Q01
10 001 263;Микроцефалия;Q02
10 001 264;Врожденная гидроцефалия;Q03
10 001 265;Другие врожденные аномалии [пороки развития] мозга;Q04
10 001 266;Spina bifida [неполное закрытие позвоночного канала];Q05
10 001 267;Другие врожденные аномалии [пороки развититя] спинного мозга;Q06
10 001 268;Другие врожденные аномалии [пороки развития] нервной системы;Q07
10 001 269;Врожденные аномалии [пороки развития] века, слезного аппарата и глазницы;Q10
10 001 270;Анофтальм, микрофтальм и макрофтальм;Q11
10 001 271;Врожденные аномалии [пороки развития] хрусталика;Q12
10 001 272;Врожденные аномалии [пороки развития] переднего сегмента глаза;Q13
10 001 273;Врожденные аномалии [пороки развития] заднего сегмента глаза;Q14
10 001 274;Другие врожденные аномалии [пороки развития] глаза;Q15
10 001 275;Врожденные аномалии [пороки развития] уха, вызывающие нарушение слуха;Q16
10 001 276;Другие врожденные аномалии [пороки развития] уха;Q17
10 001 277;Другие врожденные аномалии [пороки развития] лица и шеи;Q18
10 001 278;Врожденные аномалии [пороки развития] сердечных камер и соединений;Q20
10 001 279;Врожденные аномалии [пороки развития] сердечной перегородки;Q21
10 001 280;Врожденные аномалии [пороки развития] легочного и трехстворчатого клапанов;Q22
10 001 281;Врожденные аномалии [пороки развития] аортального и митрального клапанов;Q23
10 001 282;Другие врожденные аномалии [пороки развития] сердца;Q24
10 001 283;Врожденные аномалии [пороки развития] крупных артерий;Q25
10 001 284;Врожденные аномалии [пороки развития] крупных вен;Q26
10 001 285;Другие  врожденные аномалии [пороки развития] системы периферических сосудов;Q27
10 001 286;Другие врожденные аномалии [пороки развития] системы кровообращения;Q28
10 001 287;Врожденные аномалии [пороки развития] носа;Q30
10 001 288;Врожденные аномалии [пороки развития] гортани;Q31
10 001 289;Врожденные аномалии [пороки развития] трахеи и бронхов;Q32
10 001 290;Врожденные аномалии [пороки развития] легкого;Q33
10 001 291;Другие врожденные аномалии [пороки развития] органов дыхания;Q34
10 001 292;Расщелина неба [волчья пасть];Q35
10 001 293;Расщелина губы [заячья губа];Q36
10 001 294;Расщелина неба и губы [волчья пасть с заячьей губой];Q37
10 001 295;Другие врожденные аномалии [пороки развития] языка, рта и глотки;Q38
10 001 296;Врожденные аномалии [пороки развития] пищевода;Q39
10 001 297;Другие врожденные аномалии [пороки развития] верхней части пищеварительного тракта;Q40
10 001 298;Врожденные отсутствие, атрезия и стеноз тонкого кишечника;Q41
10 001 299;Врожденные отсутствие, атрезия и стеноз толстого кишечника;Q42
10 001 300;Другие врожденные аномалии [пороки развития] кишечника;Q43
10 001 301;Врожденные аномалии [пороки развития] желчного пузыря,;Q44
10 001 302;Другие врожденные аномалии [пороки развития] органов пищеварения;Q45
10 001 303;Врожденные аномалии [пороки развития] яичников, фаллопиевых труб и широких связок;Q50
10 001 304;Врожденные аномалии [пороки развития] развития тела и шейки матки;Q51
10 001 305;Другие врожденные аномалии [пороки развития] женских половых органов;Q52
10 001 306;Неопущение яичка;Q53
10 001 307;Гипоспадия;Q54
10 001 308;Другие врожденные аномалии [пороки развития] мужских половых органов;Q55
10 001 309;Неопределенность пола и псевдогермафродитизм;Q56
10 001 310;Агенезия и другие редукционные дефекты почки;Q60
10 001 311;Кистозная болезнь почек;Q61
10 001 312;Врожденные нарушения проходимости почечной лоханки и врожденные аномалии мочеточника;Q62
10 001 313;Другие врожденные аномалии [пороки развития] почки;Q63
10 001 314;Другие врожденные аномалии [пороки развития] мочевой системы;Q64
10 001 315;Врожденные деформации бедра;Q65
10 001 316;Врожденные деформации стопы;Q66
10 001 317;Врожденные костно-мышечные деформации головы, лица, позвоночника и грудной клетки;Q67
10 001 318;Другие врожденные костно-мышечные деформации;Q68
10 001 319;Полидактилия;Q69
10 001 320;Синдактилия;Q70
10 001 321;Дефекты, укорачивающие верхнюю конечность;Q71
10 001 322;Дефекты, укорачивающие нижнюю конечность;Q72
10 001 323;Дефекты, укорачивающие конечность неуточненную;Q73
10 001 324;Другие врожденные аномалии [пороки развития] конечности(ей);Q74
10 001 325;Другие врожденные аномалии [пороки развития] костей черепа и лица;Q75
10 001 326;Врожденные аномалии [пороки развития] позвоночника и костей грудной клетки;Q76
10 001 327;Остеохондродисплазия с дефектами роста трубчатых костей и позвоночника;Q77
10 001 328;Другие остеохондродисплазии;Q78
10 001 329;Врожденные аномалии [пороки развития] костно-мышечной системы, не классифицированные в других рубриках;Q79
10 001 330;Врожденный ихтиоз;Q80
10 001 331;Буллезный эпидермолиз;Q81
10 001 332;Другие врожденные аномалии [пороки развития] кожи;Q82
10 001 333;Врожденные аномалии [пороки развития] молочной железы;Q83
10 001 334;Другие врожденные аномалии [пороки развития] наружных покровов;Q84
10 001 335;Факоматозы, не классифицированные в других рубриках;Q85
10 001 336;Синдромы врожденных аномалий [пороков развития], обусловленные известными экзогенными факторами, не классифицированные в других рубриках;Q86
10 001 337;Другие уточненные синдромы врожденных аномалий [пороков развития], затрагивающих несколько систем;Q87
10 001 338;Другие врожденные аномалии [пороки развития], не классифицированные в других рубриках;Q89
10 001 339;Синдром Дауна;Q90
10 001 340;Синдром Эдвардса и синдром Патау;Q91
10 001 341;Другие трисомии и частичные трисомии аутосом, не классифицированные в других рубриках;Q92
10 001 342;Моносомии и утраты части аутосом, не классифицированные в других рубриках;Q93
10 001 343;Сбалансированные перестройки и структурные маркеры, не классифицированные в других рубриках;Q95
10 001 344;Синдром Тернера;Q96
10 001 345;Другие аномалии половых хромосом, женский фенотип, не классифицированные в других рубриках;Q97
10 001 346;Другие аномалии половых хромосом, мужской фенотип, не классифицированные в других рубриках;Q98
10 001 347;Другие аномалии хромосом, не классифицированные в других рубриках;Q99
10 001 348;Отклонения от нормы сердечного ритма;R00
10 001 349;Сердечные шумы и другие сердечные звуки;R01
10 001 350;Гангрена, не классифицированная в других рубриках;R02
10 001 351;Анормальные показатели кровяного давления при отсутствии диагноза;R03
10 001 352;Кровотечение из дыхательных путей;R04
10 001 353;Кашель;R05
10 001 354;Аномальное дыхание;R06
10 001 355;Боль в горле и в груди;R07
10 001 356;Другие симптомы и признаки, относящиеся к системам кровообращения и дыхания;R09
10 001 357;Боли в области живота и таза;R10
10 001 358;Тошнота и рвота;R11
10 001 359;Изжога;R12
10 001 360;Дисфагия;R13
10 001 361;Метеоризм и родственные состояния;R14
10 001 362;Недержание кала;R15
10 001 363;Гепатомегалия и спленомегалия, не классифицированные в других рубриках;R16
10 001 364;Неуточненная желтуха;R17
10 001 365;Асцит;R18
10 001 366;Другие симптомы и признаки, относящиеся к системе пищеварения и брюшной полости;R19
10 001 367;Нарушение кожной чувствительности;R20
10 001 368;Сыпь и другие неспецифические кожные высыпания;R21
10 001 369;Локализованное выбухание, уплотнение или припухлость кожи и подкожной клетчатки;R22
10 001 370;Другие кожные изменения;R23
10 001 371;Анормальные непроизвольные движения;R25
10 001 372;Нарушения походки и подвижности;R26
10 001 373;Другое нарушение координации;R27
10 001 374;Другие симптомы и признаки, относящиеся к нервной и костно мышечной системам;R29
10 001 375;Боль связанная с мочеиспусканием;R30
10 001 376;Неспецифическая гематурия;R31
10 001 377;Недержание мочи неуточненное;R32
10 001 378;Задержка мочи;R33
10 001 379;Анурия и олигурия;R34
10 001 380;Полиурия;R35
10 001 381;Выделения из уретры;R36
10 001 382;Другие симптомы и признаки, относящиеся к мочевыделительной системе;R39
10 001 383;Сомнолентность, ступор и кома;R40
10 001 384;Другие симптомы и признаки, относящиеся к познавательной способности и осознанию;R41
10 001 385;Головокружение и нарушение устойчивости;R42
10 001 386;Нарушения обоняния и вкусовой чувствительности;R43
10 001 387;Другие симптомы и признаки, относящиеся к общим ощущениям и восприятиям;R44
10 001 388;Симптомы и признаки, относящиеся к эмоциональному состоянию;R45
10 001 389;Симптомы и признаки, относящиеся к внешнему виду и поведению;R46
10 001 390;Нарушения речи, не классифицированные в других рубриках;R47
10 001 391;Дислексия и другие нарушения узнавания и понимания символов и знаков, не классифицированные с других рубриках;R48
10 001 392;Нарушения голоса;R49
10 001 393;Лихорадка неясного происхождения;R50
10 001 394;Головная боль;R51
10 001 395;Боль, не классифицированная в других рубриках;R52
10 001 396;Недомогание и утомляемость;R53
10 001 397;Старость;R54
10 001 398;Обморок [синкопе] и коллапс;R55
10 001 399;Судороги, не классифицированные в других рубриках;R56
10 001 400;Шок, не классифицированный в других рубриках;R57
10 001 401;Кровотечение, не классифицированное в других рубриках;R58
10 001 402;Увеличение лимфатических узлов;R59
10 001 403;Отек, не классифицированный в других рубриках;R60
10 001 404;Гипергидроз;R61
10 001 405;Отсутствие ожидаемого нормального физиологического развития;R62
10 001 406;Симптомы и признаки, связанные с приемом пищи и жидкости;R63
10 001 407;Кахексия;R64
10 001 408;Другие общие симптомы и признаки;R68
10 001 409;Неизвестные и неуточненные причины заболевания;R69
10 001 410;Ускоренное оседание эритроцитов и аномалии вязкости плазмы[крови];R70
10 001 411;Аномалия эритроцитов;R71
10 001 412;Аномалия лейкоцитов, не классифицированная в других рубриках;R72
10 001 413;Повышенное содержание глюкозы в крови;R73
10 001 414;Отклонения от нормы содержания ферментов в сыворотке;R74
10 001 415;Лабораторное обнаружение вируса иммунодефицита человека [ВИЧ];R75
10 001 416;Другие отклонения от нормы, выявленные при иммунологическом исследовании сыворотки;R76
10 001 417;Другие отклонения от нормы белков плазмы;R77
10 001 418;Обнаружение лекарственных средств и других веществ, в норме не присутствующих в крови;R78
10 001 419;Другие отклонения от нормы химического состава крови;R79
10 001 420;Изолированная протеинурия;R80
10 001 421;Гликозурия;R81
10 001 422;Другие отклонения от нормы, выявленные при исследовании мочи;R82
10 001 423;Отклонения от нормы, выявленные при исследовании спинномозговой жидкости;R83
10 001 424;Отклонения от нормы, выявленные при исследовании препаратов из органов дыхания и грудной клетки;R84
10 001 425;Отклонения от нормы, выявленные при исследовании препаратов;R85
10 001 426;Отклонения от нормы, выявленные при исследовании препаратов из мужских половых органов;R86
10 001 427;Отклонения от нормы, выявленные при исследовании препаратов;R87
10 001 428;Отклонения от нормы, выявленные при исследовании препаратов из других органов, систем и тканей;R89
10 001 429;Отклонения от нормы, выявленные при получении диагностических изображений в ходе исследования центральной нервной системы;R90
10 001 430;Отклонения от нормы, выявленные при получении диагностического изображения в ходе исследования легких;R91
10 001 431;Отклонения от нормы, выявленные при получении диагностического изображения в ходе исследования молочной железы;R92
10 001 432;Отклонения от нормы, выявленные при получении диагностического изображения в ходе исследования других органов и областей тела;R93
10 001 433;Отклонения от нормы, выявленные при проведении функциональных исследований;R94
10 001 434;Внезапная смерть грудного ребенка;R95
10 001 435;Другие виды внезапной смерти по неизвестной причине;R96
10 001 436;Смерть без свидетелей;R98
10 001 437;Другие неточно обозначенные и неуточненные причины смерти;R99
10 001 438;Поверхностная травма головы;S00
10 001 439;Открытая рана головы;S01
10 001 440;Перелом черепа и лицевых костей;S02
10 001 441;Вывих, растяжение и перенапряжение суставов и связок головы;S03
10 001 442;Травма черепных нервов;S04
10 001 443;Травма глаза и глазницы;S05
10 001 444;Внутричерепная травма;S06
10 001 445;Размозжение головы;S07
10 001 446;Травматическая ампутация части головы;S08
10 001 447;Другие и неуточненные травмы головы;S09
10 001 448;Поверхностная травма шеи;S10
10 001 449;Открытая рана шеи;S11
10 001 450;Перелом шейного отдела позвоночника;S12
10 001 451;Вывих, растяжение и перенапряжение капсульно-связочного аппарата на уровне шеи;S13
10 001 452;Травма нервов и спинного мозга на уровне шеи;S14
10 001 453;Травма кровеносных сосудов на уровне шеи;S15
10 001 454;Травма мышц и сухожилий на уровне шеи;S16
10 001 455;Размозжение шеи;S17
10 001 456;Травматическая ампутация на уровне шеи;S18
10 001 457;Другие и неуточненные травмы шеи;S19
10 001 458;Поверхностная травма грудной клетки;S20
10 001 459;Открытая рана грудной клетки;S21
10 001 460;Перелом ребра (ребер), грудины и грудного отдела позвоночника;S22
10 001 461;Вывих, растяжение и перенапряжение капсульно-связочного аппарата грудной клетки;S23
10 001 462;Травма нервов и спинного мозга в грудном отделе;S24
10 001 463;Травма кровеносных сосудов грудного отдела;S25
10 001 464;Травма сердца;S26
10 001 465;Травма других и неуточненных органов грудной полости;S27
10 001 466;Размозжение грудной клетки и травматическая ампутация части грудной клетки;S28
10 001 467;Другие и неуточненные травмы грудной клетки;S29
10 001 468;Поверхностная травма живота, нижней части спины и таза;S30
10 001 469;Открытая рана живота, нижней части спины и таза;S31
10 001 470;Перелом пояснично-крестцового отдела позвоночника и костей таза;S32
10 001 471;Вывих, растяжение и перенапряжение капсульно-связочного аппарата поясничного отдела позвоночника и таза;S33
10 001 472;Травма нервов и поясничного отдела спинного мозга на уровне живота, нижней части спины и таза;S34
10 001 473;Травма кровеносных сосудов на уровне живота, нижней части спины и таза;S35
10 001 474;Травма органов брюшной полости;S36
10 001 475;Травма тазовых органов;S37
10 001 476;Размозжение и травматическая ампутация части живота, нижней части спины и таза;S38
10 001 477;Другие и неуточненные травмы живота, нижней части спины и таза;S39
10 001 478;Поверхностная травма плечевого пояса и плеча;S40
10 001 479;Открытая рана плечевого пояса и плеча;S41
10 001 480;Перелом на уровне плечевого пояса и плеча;S42
10 001 481;Вывих, растяжение и перенапряжение капсульно-связочного аппарата плечевого пояса;S43
10 001 482;Травма нервов на уровне плечевого пояса и плеча;S44
10 001 483;Травма кровеносных сосудов на уровне плечевого пояса и плеча;S45
10 001 484;Травма мышцы и сухожилия на уровне плечевого пояса и плеча;S46
10 001 485;Размозжение плечевого пояса и плеча;S47
10 001 486;Травматическая ампутация плечевого пояса и плеча;S48
10 001 487;Другие и неуточненные травмы плечевого пояса и плеча;S49
10 001 488;Поверхностная травма предплечья;S50
10 001 489;Открытая рана предплечья;S51
10 001 490;Перелом костей предплечья;S52
10 001 491;Вывих, растяжение и перенапряжение капсульно-связочного аппарата локтевого сустава;S53
10 001 492;Травма нервов на уровне предплечья;S54
10 001 493;Травма кровеносных сосудов на уровне предплечья;S55
10 001 494;Травма мышцы и сухожилия на уровне предплечья;S56
10 001 495;Размозжение предплечья;S57
10 001 496;Травматическая ампутация предплечья;S58
10 001 497;Другие и неуточненные травмы предплечья;S59
10 001 498;Поверхностная травма запястья и кисти;S60
10 001 499;Открытая рана запястья и кисти;S61
10 001 500;Перелом на уровне запястья и кисти;S62
10 001 501;Вывих, растяжение и перенапряжение капсульно-связочного аппарата на уровне запястья и кисти;S63
10 001 502;Травма нервов на уровне запястья и кисти;S64
10 001 503;Травма кровеносных сосудов на уровне запястья и кисти;S65
10 001 504;Травма мышцы и сухожилия на уровне запястья и кисти;S66
10 001 505;Размозжение запястья и кисти;S67
10 001 506;Травматическая ампутация запястья и кисти;S68
10 001 507;Другие и неуточненные травмы запястья и кисти;S69
10 001 508;Поверхностная травма области тазобедренного сустава и бедра;S70
10 001 509;Открытая рана области тазобедренного сустава и бедра;S71
10 001 510;Перелом бедренной кости;S72
10 001 511;Вывих, растяжение и перенапряжение капсульно-связочного;S73
10 001 512;Травмы нервов на уровне тазобедренного сустава бедра;S74
10 001 513;Травма кровеносных сосудов на уровне тазобедренного сустава и бедра;S75
10 001 514;Травма мышцы и сухожилия на уровне тазобедренного сустава и бедра;S76
10 001 515;Размозжение области тазобедренного сустава и бедра;S77
10 001 516;Травматическая ампутация области тазобедренного сустава и бедра;S78
10 001 517;Другие и неуточненные травмы области тазобедренного сустава и бедра;S79
10 001 518;Поверхностная травма голени;S80
10 001 519;Открытая рана голени;S81
10 001 520;Перелом голени, включая голеностопный сустав;S82
10 001 521;Вывих, растяжение и перенапряжение капсульно-связочного аппарата коленного сустава;S83
10 001 522;Травма нервов на уровне голени;S84
10 001 523;Травма кровеносных сосудов на уровне голени;S85
10 001 524;Травма мышцы и сухожилия на уровне голени;S86
10 001 525;Размозжение голени;S87
10 001 526;Травматическая ампутация голени;S88
10 001 527;Другие и неуточненные травмы голени;S89
10 001 528;Поверхностная травма области голеностопного сустава и стопы;S90
10 001 529;Открытая рана области голеностопного сустава и стопы;S91
10 001 530;Перелом стопы, исключая перелом голеностопного сустава;S92
10 001 531;Вывих, растяжение и перенапряжение капсульно-связочного аппарата голеностопного сустава и стопы;S93
10 001 532;Травма нервов на уровне голеностопного сустава и стопы;S94
10 001 533;Травма кровеносных сосудов на уровне голеностопного сустава и стопы;S95
10 001 534;Травма мышцы и сухожилия на уровне голеностопного сустава и стопы;S96
10 001 535;Размозжение голеностопного сустава и стопы;S97
10 001 536;Травматическая ампутация на уровне голеностопного сустава и стопы;S98
10 001 537;Другие и неуточненные травмы голеностопного сустава и стопы;S99
10 001 538;Поверхностные травмы, захватывающие несколько областей тела;T00
10 001 539;Открытые раны, захватывающие несколько областей тела;T01
10 001 540;Переломы, захватывающие несколько областей тела;T02
10 001 541;Вывихи, растяжения и перенапряжение капсульно-связочного аппарата суставов, захватывающие несколько областей тела;T03
10 001 542;Размозжения, захватывающие несколько областей тела;T04
10 001 543;Травматические ампутации, захватывающие несколько областей тела;T05
10 001 544;Другие травмы, охватывающие несколько областей тела, не классифицированные в других рубриках;T06
10 001 545;Множественные травмы неуточненные;T07
10 001 546;Перелом позвоночника на неуточненном уровне;T08
10 001 547;Другие травмы позвоночника и туловища на неуточненном уровне;T09
10 001 548;Перелом верхней конечности на неуточненном уровне;T10
10 001 549;Другие травмы верхней конечности на неуточненном уровне;T11
10 001 550;Перелом нижней конечности на неуточненном уровне;T12
10 001 551;Другие травмы нижней конечности на неуточненном уровне;T13
10 001 552;Травма неуточненной локализации;T14
10 001 553;Инородное тело в наружной части глаза;T15
10 001 554;Инородное тело в ухе;T16
10 001 555;Инородное тело в дыхательных путях;T17
10 001 556;Инородное тело в пищеварительном тракте;T18
10 001 557;Инородное тело в мочеполовых путях;T19
10 001 558;Термические и химические ожоги головы и шеи;T20
10 001 559;Термические и химические ожоги туловища;T21
10 001 560;Термические и химические ожоги области плечевого пояса и верхней конечности, исключая запястье и кисть;T22
10 001 561;Термические и химические ожоги запястья и кисти;T23
10 001 562;Термические и химические ожоги области тазобедренного сустава и нижней конечности, исключая голеностопный сустав и стопу;T24
10 001 563;Термические и химические ожоги области голеностопного сустава и стопы;T25
10 001 564;Термические и химические ожоги,  ограниченные областью глаза и его придаточного аппарата;T26
10 001 565;Термические и химические ожоги дыхательных путей;T27
10 001 566;Термические и химические ожоги других внутренних органов;T28
10 001 567;Термические и химические ожоги нескольких областей тела;T29
10 001 568;Термические и химические ожоги неуточненной локализации;T30
10 001 569;Термические ожоги, классифицированные в зависимости от площади пораженной поверхности тела;T31
10 001 570;Химические ожоги, классифицированные в зависимости от площади пораженной поверхности тела;T32
10 001 571;Поверхностное отморожение;T33
10 001 572;Отморожение с некрозом тканей;T34
10 001 573;Отморожение, захватывающее несколько областей тела, и неуточненное отморожение;T35
10 001 574;Отравление антибиотиками системного действия;T36
10 001 575;Отравление другими противоинфекционными и противопаразитарными средствами системного действия;T37
10 001 576;Отравление гормонами, их синтетическими заменителями и антагонистами, не классифицированное в других рубриках;T38
10 001 577;Отравление неопиоидными анальгезирующими, жаропонижающими и противоревматическими средствами;T39
10 001 578;Отравление наркотиками и психодислептиками [галлюциногенами];T40
10 001 579;Отравление анестезирующими средствами и терапевтическими газами;T41
10 001 580;Отравление противосудорожными, седативными, снотворными и противопаркинсоническими средствами;T42
10 001 581;Отравление психотропными средствами, не классифицированное в других рубриках;T43
10 001 582;Отравление препаратами, действующими преимущественно на вегетативную нервную систему;T44
10 001 583;Отравление препаратами, преимущественно системного действия и гематологическими агентами, не классифицированное в других рубриках;T45
10 001 584;Отравление препаратами, действующими преимущественно на сердечно-сосудистую систему;T46
10 001 585;Отравление препаратами, действующими преимущественно на органы пищеварения;T47
10 001 586;Отравление препаратами, действующими преимущественно на гладкую и скелетную мускулатуру и органы дыхания;T48
10 001 587;Отравление препаратами местного действия, влияющими преимущественно на кожу и слизистые оболочки, и средствами, используемыми в офтальмологической, отоларингологической и стоматологической практике;T49
10 001 588;Отравление диуретиками и другими неуточненными лекарственными средствами, медикаментами и биологическими веществами;T50
10 001 589;Токсическое действие алкоголя;T51
10 001 590;Токсическое действие органических растворителей;T52
10 001 591;Токсическое действие галогенпроизводных алифатических и ароматических углеводородов;T53
10 001 592;Токсическое действие разъедающих веществ;T54
10 001 593;Токсическое действие мыл и детергентов;T55
10 001 594;Токсическое действие металлов;T56
10 001 595;Токсическое действие других неорганических веществ;T57
10 001 596;Токсическое действие окиси углерода;T58
10 001 597;Токсическое действие других газов, дымов и паров;T59
10 001 598;Токсическое действие пестицидов;T60
10 001 599;Токсическое действие ядовитых веществ, содержащихся в съеденных пищевых морепродуктах;T61
10 001 600;Токсическое действие других ядовитых веществ, содержащихся в съеденных пищевых продуктах;T62
10 001 601;Токсический эффект, обусловленный контактом с ядовитыми животными;T63
10 001 602;Токсическое действие загрязняющих пищевые прдукты афлатоксина и других микотоксинов;T64
10 001 603;Токсическое действие других и неуточненных веществ;T65
10 001 604;Неуточненные эффекты излучения;T66
10 001 605;Эффекты воздействия высокой температуры и света;T67
10 001 606;Гипотермия;T68
10 001 607;Другие эффекты воздействия низкой температуры;T69
10 001 608;Воздействие атмосферного давления и давления воды;T70
10 001 609;Асфиксия;T71
10 001 610;Проявление других форм неблагоприятного воздействия [депривации];T73
10 001 611;Синдром жестокого обращения;T74
10 001 612;Воздействие других внешних причин;T75
10 001 613;Неблагоприятные эффекты, не классифицированные в других рубриках;T78
10 001 614;НЕКОТОРЫЕ РАННИЕ ОСЛОЖНЕНИЯ ТРАВМ;T79
10 001 615;Осложнения, связанные с инфузией, трансфузией и лечебной инъекцией;T80
10 001 616;Осложнения процедур, не классифицированные в других рубриках;T81
10 001 617;Осложнения, связанные с сердечными и сосудистыми устройствами, имплантатами и трансплантатами;T82
10 001 618;Осложнения, связанные с мочеполовыми протезными устройствами,    имплантатами и трансплантатами;T83
10 001 619;Осложнения, связанные с внутренними ортопедическими протезными устройствами, имплантатами и трансплантатами;T84
10 001 620;Осложнения, связанные с внутренними протезными устройствами, имплантатами и трансплантатами;T85
10 001 621;Отмирание и отторжение пересаженных органов и тканей;T86
10 001 622;Осложнения, характерные для реплантации и ампутации;T87
10 001 623;Другие осложнения хирургических и терапевтических вмешательств, не классифицированные в других рубриках;T88
10 001 624;Последствия травм головы;T90
10 001 625;Последствия травм шеи и туловища;T91
10 001 626;Последствия травм верхней конечности;T92
10 001 627;Последствия травм нижней конечности;T93
10 001 628;Последствия травм, захватывающих несколько областей тела, и травм неуточненной локализации;T94
10 001 629;Последствия термических и химических ожогов и отморожений;T95
10 001 630;Последствия отравлений лекарственными средствами, медикаментами и биологическими веществами;T96
10 001 631;Последствия токсического действия веществ преимущественно немедицинского назначения;T97
10 001 632;Последствия других и неуточненных воздействий внешних причин;T98
10 001 633;Пешеход, пострадавший при столкновении с велосипедистом;V01
10 001 634;Пешеход, пострадавший при столкновении с двух- или трехколесным моторным транспортным средством;V02
10 001 635;Пешеход, пострадавший при столкновении с легковым автомобилем, грузовым автомобилем типа пикап или фургоном;V03
10 001 636;Пешеход, пострадавший при столкновении с тяжелым грузовым автомобилем или автобусом;V04
10 001 637;Пешеход, пострадавший при столкновении с поездом или другим железнодорожным транспортным средством;V05
10 001 638;Пешеход, пострадавший при столкновении с другим немоторным транспортным средством;V06
10 001 639;Пешеход, пострадавший в результате других и неуточненных транспортных несчастных случаев;V09
10 001 640;Велосипедист, пострадавший при столкновении с пешеходом или животным;V10
10 001 641;Велосипедист, пострадавший при столкновении с другим велосипедистом;V11
10 001 642;Велосипедист, пострадавший при столкновении с двух- или трехколесным моторным транспортным средством;V12
10 001 643;Велосипедист, пострадавший при столкновении с легковым автомобилем, грузовым автомобилем типа пикап или фургоном;V13
10 001 644;Веосипедист, пострадавший при столкновении с тяжелым грузовым автомобилем или автобусом;V14
10 001 645;Велосипедист, пострадавший при столкновении с поездом или другим железнодорожным транспортным средством;V15
10 001 646;Велосипедист,  пострадавший при столкновении с другим немоторным транспортным средством;V16
10 001 647;Велосипедист, пострадавший при столкновении с закрепленным или стационарным объектом;V17
10 001 648;Велосипедист, пострадавший в результате транспортного несчастного случая без столкновения;V18
10 001 649;Велосипедист, пострадавший в результате других и неуточненных транспортных несчастных случаев;V19
10 001 650;Мотоциклист, пострадавший при столкновении с пешеходом или животным;V20
10 001 651;Мотоциклист, пострадавший при столкновении с велосипедистом;V21
10 001 652;Мотоциклист, пострадавший  при столкновении с двух- или трехколесным моторным транспортным средством;V22
10 001 653;Мотоциклист, пострадавший при столкновении с легковым автомобилем, грузовым автомобилем типа пикап или фургоном;V23
10 001 654;Мотоциклист, пострадавший при столкновении с тяжелым грузовым автомобилем или автобусом;V24
10 001 655;Мотоциклист, пострадавший при столкновении с поездом или другим железнодорожным транспортным средством;V25
10 001 656;Мотоциклист, пострадавший при столкновении с другим немоторным транспортным средством;V26
10 001 657;Мотоциклист, пострадавший при столкновении с закрепленным или стационарным объектом;V27
10 001 658;Мотоциклист, пострадавший в результате транспортного несчастного случая без столкновения;V28
10 001 659;Мотоциклист, пострадавший в результате других и неуточненных транспортных несчастных случаев;V29
10 001 660;Лицо, находившееся в трехколесном моторном транспортном средстве и пострадавшее при его столкновении с пешеходом или животным;V30
10 001 661;Лицо, находившееся в трехколесном моторном транспортном средстве и пострадавшее при его столкновении с велосипедистом;V31
10 001 662;Лицо, находившееся в трехколесном моторном транспортном средстве и пострадавшее при его столкновении с другим двух- или  трехколесным моторным транспортным средством;V32
10 001 663;Лицо, находившееся в трехколесном моторном транспортном средстве и пострадавшее при его столкновении с легковым автомобилем, грузовым автомобилем типа пикап или фургоном;V33
10 001 664;Лицо, находившееся в трехколесном моторном транспортном средстве и пострадавшее при его столкновении с тяжелым грузовым автомобилем или автобусом;V34
10 001 665;Лицо, находившееся в трехколесном моторном транспортном средстве и пострадавшее при его столкновении с поездом или другим железнодорожным транспортным средством;V35
10 001 666;Лицо, находившееся в трехколесном моторном транспортном средстве и пострадавшее при его столкновении с другим немоторным транспортным средством;V36
10 001 667;Лицо, находившееся в трехколесном моторном транспортном средстве и пострадавшее при его столкновении с закрепленным или стационарным объектом;V37
10 001 668;Лицо, находившееся в трехколесном моторном транспортном средстве и пострадавшее в результате транспортного несчастного случая без столкновения;V38
10 001 669;Лицо, находившееся в трехколесном моторном транспортном средстве и пострадавшее в результате других и неуточненных транспортных несчастных случаев;V39
10 001 670;Лицо, находившееся в легковом автомобиле и пострадавшее при его столкновении с пешеходом или животным;V40
10 001 671;Лицо, находившееся в легковом автомобиле и пострадавшее при его столкновении с велосипедистом;V41
10 001 672;Лицо, находившееся в легковом автомобиле и пострадавшее при его столкновении с двух- или трехколесным моторным транспортным средством;V42
10 001 673;Лицо, находившееся в легковом автомобиле и пострадавшее при его столкновении с легковым автомобилем, грузовым автомобилем типа пикап или фургоном;V43
10 001 674;Лицо, находившееся в легковом автомобиле и пострадавшее при его столкновении с тяжелым грузовым автомобилем или автобусом;V44
10 001 675;Лицо, находившееся в легковом автомобиле и пострадавшее при его столкновении с поездом или другим железнодорожным транспортным средством;V45
10 001 676;Лицо, находившееся в легковом автомобиле и пострадавшее при его столкновении с другим немоторным транспортным средством;V46
10 001 677;Лицо, находившееся в легковом автомобиле и пострадавшее при его столкновении с закрепленным или стационарным объектом;V47
10 001 678;Лицо, находившееся в легковом автомобиле и пострадавшее в результате транспортного несчастного случая без столкновения;V48
10 001 679;Лицо, находившееся в легковом автомобиле и пострадавшее в результате другого и неуточненного транспортного несчастного случая;V49
10 001 680;Лицо, находившееся в грузовом автомобиле типа пикап или фургоне и пострадавшее при его столкновении с пешеходом или животным;V50
10 001 681;Лицо, находившееся в грузовом автомобиле типа пикап или фургоне и пострадавшее при его столкновении с велосипедистом;V51
10 001 682;Лицо, находившееся в грузовом автомобиле типа пикап или фургоне и пострадавшее при его столкновении с двух-или трехколесным моторным транспортным средством;V52
10 001 683;Лицо, находившееся в грузовом автомобиле типа пикап или фургоне и пострадавшее при его столкновении с легковым автомобилем, грузовым автомобилем типа пикап или фургоном;V53
10 001 684;Лицо, находившееся в грузовом автомобиле типа пикап или фургоне и пострадавшее при его столкновении с тяжелым грузовым автомобилем или автобусом;V54
10 001 685;Лицо, находившееся в грузовом автомобиле типа пикап или фургоне и пострадавшее при его столкновении с поездом или другим железнодорожным транспортным средством;V55
10 001 686;Лицо, находившееся в грузовом автомобиле типа пикап или фургоне и пострадавшее при его столкновении с другим немоторным транспортным средством;V56
10 001 687;Лицо, находившееся в грузовом автомобиле типа пикап или фургоне и пострадавшее при его столкновении с закрепленным или стационарным объектом;V57
10 001 688;Лицо, находившееся в грузовом автомобиле типа пикап или фургоне и пострадавшее в результате транспортного несчастного случая без столкновения;V58
10 001 689;Лицо, находившееся в грузовом автомобиле типа пикап или фургоне и пострадавшее в результате других и неуточненных транспортных несчастных случаев;V59
10 001 690;Лицо, находившееся в тяжелом грузовом автомобиле и пострадавшее при его столкновении с пешеходом или животным;V60
10 001 691;Лицо, находившееся в тяжелом грузовом автомобиле и пострадавшее при его столкновении с велосипедистом;V61
10 001 692;Лицо, находившееся в тяжелом грузовом автомобиле и пострадавшее при его столкновении с двух- или трехколесным моторным транспортным средством;V62
10 001 693;Лицо, находившееся в тяжелом грузовом автомобиле и пострадавшее при его столкновении с легковым автомобилем, грузовым автомобилем типа пикап или фургоном;V63
10 001 694;Лицо, находившееся в тяжелом грузовом автомобиле и пострадавшее при его столкновении с тяжелым грузовым автомобилем или автобусом;V64
10 001 695;Лицо, находившееся в тяжелом грузовом автомобиле и пострадавшее при его столкновении с поездом или другим железнодорожнымтранспортным средством;V65
10 001 696;Лицо, находившееся в тяжелом грузовом автомобиле и пострадавшее при его столкновении с другим немоторным транспортным средством;V66
10 001 697;Лицо, находившееся в тяжелом грузовом автомобиле и пострадавшее при его столкновении с закрепленным или стационарным объектом;V67
10 001 698;Лицо, находившееся в тяжелом грузовом автомобиле и пострадавшее в результате дорожного несчастного случая без столкновения;V68
10 001 699;Лицо, находившееся в тяжелом грузовом автомобиле и пострадавшее в результате других и неуточненных дорожных несчастных случаев;V69
10 001 700;Лицо, находившееся в автобусе и пострадавшее при его столкновении с пешеходом или животным;V70
10 001 701;Лицо, находившееся в автобусе и пострадавшее при его столкновении с велосипедом;V71
10 001 702;Лицо, находившееся в автобусе и пострадавшее при его столкновении с двух- или трехколесным моторным транспортным средством;V72
10 001 703;Лицо, находившееся в автобусе и пострадавшее при его столкновении с легковым автомобилем, грузовым автомобилем типа пикап или фургоном;V73
10 001 704;Лицо, находившееся в автобусе и пострадавшее при его столкновении с тяжелым грузовым автомобилем или автобусом;V74
10 001 705;Лицо, находившееся в автобусе и пострадавшее при его столкновении с поездом или другим железнодорожным транспортным средством;V75
10 001 706;Лицо, находившееся в автобусе и пострадавшее при его столкновении с другим немоторным транспортным средством;V76
10 001 707;Лицо, находившееся в автобусе и пострадавшее при его столкновении с закрепленным или стационарным объектом;V77
10 001 708;Лицо, находившееся в автобусе и пострадавшее в результате транспортного несчастного случая без столкновения;V78
10 001 709;Лицо, находившееся в автобусе и пострадавшее в результате других и неуточненных дорожных несчастных случаев;V79
10 001 710;Всадник или лицо, находившееся в гужевом транспортном средстве, пострадавшее в результате транспортного несчастного случая;V80
10 001 711;Лицо, находившееся в поезде или другом железнодорожном транспортном средстве и пострадавшее в результате транспортного несчастного случая;V81
10 001 712;Лицо, находившееся в трамвае и пострадавшее в результате дорожного несчастного случая;V82
10 001 713;Лицо, находившееся в специальном транспортном средстве, используемом преимущественно на территории промышленных предприятий, пострадавшее в результате транспортного несчастного случая;V83
10 001 714;Лицо, находившееся в специальном транспортном средстве, используемом преимущественно в сельском хозяйстве, пострадавшее в результате транспортного несчастного случая;V84
10 001 715;Лицо, находившееся в специальном транспортном средстве, используемом в строительстве, пострадавшее в результате транспортного несчастного случая;V85
10 001 716;Лицо, находившееся в вездеходе или в другом моторном транспортном средстве, предназначенном преимущественно для передвижения вне дорог, пострадавшее в результате транспортного несчастного случая;V86
10 001 717;Дорожный несчастный случай уточненного характера, но с неизвестным способом передвижения пострадавшего;V87
10 001 718;Недорожный несчастный случай уточненного характера, но с неизвестным способом передвижения пострадавшего;V88
10 001 719;Несчастный случай, связанный с моторным или немоторным транспортным средством неуточненного вида;V89
10 001 720;Погружение в воду и утопление в результате аварии на водном транспортном средстве;V90
10 001 721;Другие повреждения в результате аварии на водном транспортном средстве;V91
10 001 722;Погружение в воду и утопление, связанное с водным транспортным средством, не вызванное аварией на нем;V92
10 001 723;Несчастный случай на борту водного транспортного средства, не вызванный аварией на нем и не приведший к погружению в воду и утоплению;V93
10 001 724;Другие и неуточненные несчастные случаи на водном транспорте;V94
10 001 725;Авария оснащенного силовым двигателем воздушного транспортного средства, ставшая причиной травмы находившегося в нем лица;V95
10 001 726;Авария не оснащенного силовым двигателем воздушного транспортного средства, ставшая причиной травмы лица, находившегося на нем;V96
10 001 727;Другие уточненные аварии воздушного транспортного средства;V97
10 001 728;Другие уточненные транспортные несчастные случаи;V98
10 001 729;Транспортный несчастный случай неуточненный;V99
10 001 730;Падение на поверхности одного уровня, покрытой льдом или снегом;W00
10 001 731;Падение на поверхности одного уровня в результате поскальзывания, ложного шага или спотыкания;W01
10 001 732;Падение при катании на коньках, лыжах, роликовых коньках или роликовой доске;W02
10 001 733;Другое падение на поверхности одного уровня в результате столкновения с другим лицом или толчка;W03
10 001 734;Падение лица при переносе его другими лицами или при оказании ему поддержки другим лицом;W04
10 001 735;Падение, связанное с инвалидной коляской;W05
10 001 736;Падение, связанное с кроватью;W06
10 001 737;Падение, связанное со стулом;W07
10 001 738;Падение, связанное с другими предметами обстановки;W08
10 001 739;Падение, связанное с оборудованием спортивной площадки;W09
10 001 740;Падение на лестнице и ступенях или с лестницы и ступеней;W10
10 001 741;Падение на приставной лестнице и с нее;W11
10 001 742;Падение на строительных лесах и с них;W12
10 001 743;Падение со (из) здания или сооружения;W13
10 001 744;Падение с дерева;W14
10 001 745;Падение со скалы (крутого обрыва);W15
10 001 746;Ныряние или прыжок в воду, приведшие к травме, отличной от утопления или погружения в воду;W16
10 001 747;Другое падение с одного уровня на другой;W17
10 001 748;Другие случаи падения на поверхности одного уровня;W18
10 001 749;Падение неуточненное;W19
10 001 750;Удар брошенным, рушащимся или падающим предметом;W20
10 001 751;Удар о спортивное оборудование или спортивным оборудованием;W21
10 001 752;Удар о другой предмет или другим предметом;W22
10 001 753;Зацепление, раздавливание, сжатие или защемление в объекте или между объектами;W23
10 001 754;Соприкосновение с подъемными и передаточными устройствами, не классифицированными в других рубриках;W24
10 001 755;Соприкосновение с острым краем стекла;W25
10 001 756;Соприкосновение с ножом, шпагой или кинжалом;W26
10 001 757;Соприкосновение с ручным инструментом без силового двигателя;W27
10 001 758;Соприкосновение с силовой газонокосилкой;W28
10 001 759;Соприкосновение с другими силовыми ручными инструментами и бытовыми машинами;W29
10 001 760;Соприкосновение с сельскохозяйственными механизмами;W30
10 001 761;Соприкосновение с другими и неуточненными машинами;W31
10 001 762;Выстрел из ручного огнестрельного оружия;W32
10 001 763;Выстрел из винтовки, дробового ружья и крупнокалиберного огнестрельного оружия;W33
10 001 764;Выстрел из другого и неуточненного огнестрельного оружия;W34
10 001 765;Взрыв, разрыв парового котла;W35
10 001 766;Взрыв, разрыв газового баллона;W36
10 001 767;Разрыв автомобильной шины, трубопровода или шланга, находившихся под давлением;W37
10 001 768;Взрыв, разрыв другого уточненного устройства, находившегося под давлением;W38
10 001 769;Залп фейерверка;W39
10 001 770;Взрыв других веществ;W40
10 001 771;Воздействие струи под давлением;W41
10 001 772;Воздействие шума;W42
10 001 773;Воздействие вибрации;W43
10 001 774;Попадание инородного тела в или через глаз или естественное;W44
10 001 775;Проникновение инородного тела через кожу;W45
10 001 776;Воздействие других и неуточненных неживых механических сил;W49
10 001 777;Удар, толчок, пинок, выкручивание, укус или оцарапывание другим лицом;W50
10 001 778;Удар другого лица или столкновение с ним;W51
10 001 779;Раздавливание, толчок или затаптывание толпой или при паническом бегстве людей;W52
10 001 780;Укус крысы;W53
10 001 781;Укус или удар, нанесенный собакой;W54
10 001 782;Укус или удар, нанесенный другими млекопитающими;W55
10 001 783;Контакт с морским животным;W56
10 001 784;Укус или ужаливание неядовитым насекомым и другими неядовитыми членистоногими;W57
10 001 785;Укус или удар, нанесенный крокодилом;W58
10 001 786;Укус или раздавливание другими рептилиями;W59
10 001 787;Контакт с шипами и колючками растений или листьями с острыми краями;W60
10 001 788;Воздействие других и неуточненных живых механических сил;W64
10 001 789;Утопление и погружение в воду во время принятия ванны;W65
10 001 790;Утопление и погружение в воду в результате падения в ванну;W66
10 001 791;Утопление и погружение в воду во время нахождения в плавательном бассейне;W67
10 001 792;Утопление и погружение в воду в результате падения в плавательный бассейн;W68
10 001 793;Утопление и погружение в воду во время нахождения в естественном водоеме;W69
10 001 794;Утопление и погружение в воду в результате падения в естественный водоем;W70
10 001 795;Другие уточненные случаи утопления и погружения в воду;W73
10 001 796;Случаи утопления и погружения в воду неуточненные;W74
10 001 797;Случайное удушение и удавление в кровати;W75
10 001 798;Другие случайные повешения и удавления;W76
10 001 799;Угроза дыханию в результате засыпания сыпучими веществами,обвалившейся землей и другими породами;W77
10 001 800;Вдыхание содержимого желудка;W78
10 001 801;Вдыхание и заглатывание пищи, приводящее к закупорке дыхательных путей;W79
10 001 802;Вдыхание и заглатывание другого инородного тела, приводящее к закупорке дыхательных путей;W80
10 001 803;Случайное или преднамеренное попадание в среду с низким содержанием кислорода;W81
10 001 804;Другие случаи уточненной угрозы дыханию;W83
10 001 805;Угроза дыханию неуточненная;W84
10 001 806;Несчастный случай, связанный с линией электропередачи;W85
10 001 807;Несчастный случай, связанный с источником электрического тока уточненным;W86
10 001 808;Несчастный случай, связанный с источником электрического тока неуточненным;W87
10 001 809;Воздействие ионизирующего излучения;W88
10 001 810;Воздействие искусственных видимых и ультрафиолетовых лучей;W89
10 001 811;Воздействие другого неионизирующего излучения;W90
10 001 812;Воздействие излучения неуточненного типа;W91
10 001 813;Воздействие чрезмерного тепла от искусственного источника;W92
10 001 814;Воздействие чрезмерного холода от искусственного источника;W93
10 001 815;Воздействие высокого и низкого атмосферного давления и изменений атмосферного давления;W94
10 001 816;Воздействие других и неуточненных искусственно созданных факторов внешней среды;W99
10 001 817;Воздействие неконтролируемого огня (пожара) в здании или сооружении;X00
10 001 818;Воздействие неконтролируемого огня (пожара) вне здания или сооружения;X01
10 001 819;Воздействие контролируемого огня в здании или сооружении;X02
10 001 820;Воздействие контролируемого огня вне здания или сооружения;X03
10 001 821;Повреждение при загорании легковоспламеняющихся веществ;X04
10 001 822;Повреждение при воспламенении или расплавлении ночной пижамы (рубашки);X05
10 001 823;Повреждение при воспламенении или расплавлении другой одежды и дополнений к ней;X06
10 001 824;Воздействие других уточненных источников дыма, огня и пламени;X08
10 001 825;Воздействие неуточненных источников дыма, огня и пламени;X09
10 001 826;Соприкосновение с горячими напитками, пищевыми продуктами, жирами и кулинарными маслами;X10
10 001 827;Соприкосновение с горячей водой из крана;X11
10 001 828;Соприкосновение с другими горячими жидкостями;X12
10 001 829;Воздействие пара и горячих испарений;X13
10 001 830;Воздействие горячего воздуха и газов;X14
10 001 831;Соприкосновение с горячими бытовыми приборами;X15
10 001 832;Соприкосновение с горячими обогревательными приборами, радиаторами отопления и трубами;X16
10 001 833;Соприкосновение с горячими двигателями, машинами и инструментами;X17
10 001 834;Соприкосновение с другими раскаленными металлами;X18
10 001 835;Соприкосновение с другими и неуточненными горячими и раскаленными веществами и предметами;X19
10 001 836;Контакт с ядовитыми змеями и ящерицами;X20
10 001 837;Контакт с ядовитыми пауками;X21
10 001 838;Контакт со скорпионом;X22
10 001 839;Контакт с шершнями, осами и пчелами;X23
10 001 840;Контакт с многоножками и ядовитыми тысяченожками (тропическими);X24
10 001 841;Контакт с другими уточненными ядовитыми членистоногими;X25
10 001 842;Контакт с ядовитыми морскими животными и растениями;X26
10 001 843;Контакт с другими уточненными ядовитыми животными;X27
10 001 844;Контакт с другими уточненными ядовитыми растениями;X28
10 001 845;Контакт с неуточненными ядовитыми растениями и животными;X29
10 001 846;Воздействие чрезмерно высокой природной температуры;X30
10 001 847;Воздействие чрезмерно низкой природной температуры;X31
10 001 848;Воздействие солнечного света;X32
10 001 849;Жертва удара молнии;X33
10 001 850;Жертва землетрясения;X34
10 001 851;Жертва извержения вулкана;X35
10 001 852;Жертва снежного обвала, оползня и их подвижек грунта;X36
10 001 853;Жертва разрушительного шторма;X37
10 001 854;Жертва наводнения;X38
10 001 855;Воздействие других и неуточненных сил природы;X39
10 001 856;Случайное отравление и воздействие неопиоидными анальгетиками, жаропонижающими и противоревматическими средствами;X40
10 001 857;Случайное отравление и воздействие противосудорожными, седативными, снотворными, противопаркинсоническими и психотропными средствами, не классифицированные в других рубриках;X41
10 001 858;Случайное отравление и воздействие наркотиками и психодислептиками [галлюциногенами], не классифицированные в других рубриках;X42
10 001 859;Случайное отравление и воздействие другими лекарственными средствами, влияющими на вегетативную нервную систему;X43
10 001 860;Случайное отравление и воздействие другими и неуточненными лекарственными средствами, медикаментами и биологическими субстанциями;X44
10 001 861;Случайное отравление и воздействие алкоголем;X45
10 001 862;Случайное отравление и воздействие органическими растворителями, галогенсодержащими углеводородами и их парами;X46
10 001 863;Случайное отравление и воздействие другими газами и парообразными веществами;X47
10 001 864;Случайное отравление и воздействие пестицидами;X48
10 001 865;Случайное отравление и воздействие другими и неуточненными химическими и ядовитыми веществами;X49
10 001 866;Перенапряжение и резкие или повторяющиеся движения;X50
10 001 867;Путешествия и передвижения;X51
10 001 868;Продолжительное пребывание в состоянии невесомости;X52
10 001 869;Отсутствие пищи;X53
10 001 870;Отсутствие воды;X54
10 001 871;Лишения неуточненные;X57
10 001 872;Воздействие других уточненных факторов;X58
10 001 873;Воздействие неуточненного фактора;X59
10 001 874;Преднамеренное самоотравление и воздействие неопиоидными анальгетиками, жаропонижающими и противоревматическими средствами;X60
10 001 875;Преднамеренное самоотравление и воздействие противосудорожными,седативными, снотворными, противопаркинсоническими и психотропными средствами, не классифицированные в других рубриках;X61
10 001 876;Преднамеренное самоотравление и воздействие наркотиками и психодислептиками [галлюциногенами], не классифицированные в других рубриках;X62
10 001 877;Преднамеренное самоотравление и воздействие другими лекарственными средствами, действующими на вегетативную нервную систему;X63
10 001 878;Преднамеренное самоотравление и воздействие другими и неуточненными лекарственными средствами, медикаментами и биологическими веществами;X64
10 001 879;Преднамеренное самоотравление и воздействие алкоголем;X65
10 001 880;Преднамеренное самоотравление и воздействие органическими растворителями, галогенсодержащими углеводородами и их парами;X66
10 001 881;Преднамеренное самоотравление и воздействие другими газами и парообразными веществами;X67
10 001 882;Преднамеренное самоотравление и воздействие пестицидами;X68
10 001 883;Преднамеренное самоотравление и воздействие другими и неуточненными химическими и ядовитыми веществами;X69
10 001 884;Преднамеренное самоповреждение путем повешения, удавления и удушения;X70
10 001 885;Преднамеренное самоповреждение путем погружения в воду и утопления;X71
10 001 886;Преднамеренное самоповреждение путем выстрела из ручного огнестрельного оружия;X72
10 001 887;Преднамеренное самоповреждение путем выстрела из винтовки, дробового ружья и крупнокалиберного огнестрельного оружия;X73
10 001 888;Преднамеренное самоповреждение путем выстрела из другого и неуточненного огнестрельного оружия;X74
10 001 889;Преднамеренное самоповреждение путем использования взрывчатых веществ;X75
10 001 890;Преднамеренное самоповреждение дымом, огнем и пламенем;X76
10 001 891;Преднамеренное самоповреждение паром, горячими испарениями и горячими предметами;X77
10 001 892;Преднамеренное самоповреждение острым предметом;X78
10 001 893;Преднамеренное самоповреждение тупым предметом;X79
10 001 894;Преднамеренное самоповреждение путем прыжка с высоты;X80
10 001 895;Преднамеренное самоповреждение путем прыжка под движущийся объект или лежания перед ним;X81
10 001 896;Преднамеренное самоповреждение посредством аварии моторного транспортного средства;X82
10 001 897;Преднамеренное самоповреждение посредством других уточненных действий;X83
10 001 898;Преднамеренное самоповреждение посредством неуточненных действий;X84
10 001 899;Нападение с применением лекарственных средств, медикаментов и биологических веществ;X85
10 001 900;Нападение с применением едких веществ;X86
10 001 901;Нападение с применением пестицидов;X87
10 001 902;Нападение  с применением газов и парообразных веществ;X88
10 001 903;Нападение с применением других уточненных химических и ядовитых веществ;X89
10 001 904;Нападение с применением неуточненных химических или ядовитых веществ;X90
10 001 905;Нападение путем повешения, удушения и удавления;X91
10 001 906;Нападение путем утопления и погружения в воду;X92
10 001 907;Нападение путем выстрела из ручного огнестрельного оружия;X93
10 001 908;Нападение путем выстрела из винтовки, дробового ружья и огнестрельного оружия крупного калибра;X94
10 001 909;Нападение путем выстрела из другого и неуточненного огнестрельного оружия;X95
10 001 910;Нападение путем использования взрывчатых веществ;X96
10 001 911;Нападение с применением дыма, огня и пламени;X97
10 001 912;Нападение с применением пара, горячих испарений и горячих предметов;X98
10 001 913;Нападение с применением острого предмета;X99
10 001 914;Нападение с применением тупого предмета;Y00
10 001 915;Нападение путем сталкивания с высоты;Y01
10 001 916;Нападение путем толкания под движущийся объект или укладывания жертвы перед ним;Y02
10 001 917;Нападение путем наезда моторным транспортным средством;Y03
10 001 918;Нападение путем применения физической силы;Y04
10 001 919;Сексуальное нападение с применением физической силы;Y05
10 001 920;Лишение ухода или оставление без присмотра;Y06
10 001 921;Другие формы плохого обращения;Y07
10 001 922;Нападение другими уточненными способами;Y08
10 001 923;Нападение неуточненным способом;Y09
10 001 924;Отравление и воздействие неопиоидными анальгетиками, жаропонижающими и потиворевматическими средствами с неопределенными намерениями;Y10
10 001 925;Отравление и воздействие противосудорожными, седативными, снотворными, противопаркинсоническими и психотропными средствами, не классифицированное в других рубриках, с неопределенными намерениями;Y11
10 001 926;Отравление и воздействие наркотиками и психодислептиками [галлюциногенами], не классифицированное в других рубриках, с неопределенными намерениями;Y12
10 001 927;Отравление и воздействие другими лекарственными средствами, влияющими на вегетативную нервную систему, с неопределенными намерениями;Y13
10 001 928;Отравление и воздействие другими и неуточненными лекарственными средствами, медикаментами и биологическими веществами с неопределенными намерениями;Y14
10 001 929;Отравление и воздействие алкоголем с неопределенными намерениями;Y15
10 001 930;Отравление и воздействие органическими растворителями и галогенсодержащими углеводородами и их парами с неопределенными намерениями;Y16
10 001 931;Отравление и воздействие другими газами и парообразными веществами с неопределенными намерениями;Y17
10 001 932;Отравление и воздействие пестицидами с неопределенными намерениями;Y18
10 001 933;Отравление  и воздействие другими и неуточненными химическими и ядовитыми веществами с неопределенными намерениями;Y19
10 001 934;Повешение, удушение и удавление с неопределенными намерениями;Y20
10 001 935;Погружение в воду и утопление с неопределенными намерениями;Y21
10 001 936;Повреждение в результате выстрела из ручного огнестрельного оружия с неопределенными намерениями;Y22
10 001 937;Повреждение в результате выстрела из винтовки, дробового ружья и крупнокалиберного огнестрельного оружия с неопределенными намерениями;Y23
10 001 938;Повреждение в результате выстрела из другого и неуточненного огнестрельного оружия с неопределенными намерениями;Y24
10 001 939;Контакт со взрывчатым веществом с неопределенными намерениями;Y25
10 001 940;Воздействие дымом, огнем и пламенем с неопределенными намерениями;Y26
10 001 941;Контакт с паром, горячими испарениями и горячими предметами с неопределенными намерениями;Y27
10 001 942;Контакт с острым предметом с неопределенными намерениями;Y28
10 001 943;Контакт с тупым предметом с неопределенными намерениями;Y29
10 001 944;Падение, прыжок или сталкивание с высоты с неопределенными намерениями;Y30
10 001 945;Падение, лежание или бег перед движущимся объектом или на него с неопределенными намерениями;Y31
10 001 946;Авария моторного транспортного средства с неопределенными намерениями;Y32
10 001 947;Другие уточненные повреждения, не уточненные как случайные или преднамеренные;Y33
10 001 948;Неуточненные повреждения с неопределенными намерениями;Y34
10 001 949;Действия, предусмотренные законом;Y35
10 001 950;Военные действия;Y36
10 001 951;Антибиотики системного действия;Y40
10 001 952;Другие противоинфекционные и противопаразитарные средства системного действия;Y41
10 001 953;Гормоны и их синтетические заменители и антагонисты, не классифицированные в других рубриках;Y42
10 001 954;Препараты преимущественно системного действия;Y43
10 001 955;Препараты, влияющие преимущественно на компоненты крови;Y44
10 001 956;Аналгезирующие, жаропонижающие и противовоспалительные средства;Y45
10 001 957;Противосудорожные и противопаркинсонические средства;Y46
10 001 958;Седативные, снотворные и анксиолитические [противотревожные] средства;Y47
10 001 959;Обезболивающие и терапевтические газы;Y48
10 001 960;Психотропные средства, не классифицированные в других рубриках;Y49
10 001 961;Препараты, стимулирующие центральную нервную систему, не классифицированные в других рубриках;Y50
10 001 962;Препараты, действующие преимущественно на вегетативную нервную систему;Y51
10 001 963;Препараты, действующие преимущественно на сердечно-сосудистую систему;Y52
10 001 964;Препараты, действующие преимущественно на органы пищеварения;Y53
10 001 965;Препараты, влияющие преимущественно на водный баланс, минеральный обмен и обмен мочевой кислоты;Y54
10 001 966;Препараты, действующие преимущественно на гладкую и скелетную мускулатуру и органы дыхания;Y55
10 001 967;Препараты местного действия, влияющие преимущественно на кожу и слизистые оболочки, и средства, применяемые в офтальмологической, оториноларингологической и стоматологической практике;Y56
10 001 968;Другие и неуточненные лекарственные средства и медикаменты;Y57
10 001 969;Бактериальные вакцины;Y58
10 001 970;Другие и неуточненные вакцины и биологические вещества;Y59
10 001 971;Случайный порез, укол, перфорация или кровотечение при выполнении хирургической и терапевтической процедуры;Y60
10 001 972;Случайное оставление инородного тела в организме при выполнении хирургической и терапевтической процедуры;Y61
10 001 973;Недостаточная стерильность при выполнении хирургических и терапевтических процедур;Y62
10 001 974;Ошибочность дозировки при проведении хирургических и терапевтических процедур;Y63
10 001 975;Загрязненные медицинские или биологические вещества;Y64
10 001 976;Другие несчастные случаи во время оказания хирургической и терапевтической помощи;Y65
10 001 977;Непредоставление хирургической и терапевтической помощи;Y66
10 001 978;Несчастный случай во время оказания хирургической и терапевтической помощи неуточненный;Y69
10 001 979;Приборы для анестезии, с которыми связаны несчастные случаи;Y70
10 001 980;Приборы и устройства для диагностики и лечения болезней сердечно-сосудистой системы, с которыми связаны несчастные случаи;Y71
10 001 981;Приборы и устройства, используемые в оториноларингологической практике, с которыми связаны несчастные случаи;Y72
10 001 982;Приборы и устройства, используемые в гастроэнтерологической и урологической практике, с которыми связаны несчастные случаи;Y73
10 001 983;Приборы и устройства общебольничного и для индивидуального пользования, с которыми связаны несчастные случаи;Y74
10 001 984;Приборы и устройства, используемые в неврологической практике, с которыми связаны несчастные случаи;Y75
10 001 985;Приборы и устройства, используемые в акушерской и гинекологической практике, с которыми связаны несчастные случаи;Y76
10 001 986;Приборы и устройства, используемые в офтальмологической практике, с которыми связаны несчастные случаи;Y77
10 001 987;Радиологические приборы и устройства, с которыми связаны несчастные случаи;Y78
10 001 988;Ортопедические приборы и устройства, с которыми связаны несчастные случаи;Y79
10 001 989;Физиотерапевтические приборы и устройства, с которыми связаны несчастные случаи;Y80
10 001 990;Приборы и устройства, применяемые в общей и пластической хирургии, с которыми связаны несчастные случаи;Y81
10 001 991;Другие и неуточненные медицинские приборы и устройства, с которыми связаны несчастные случаи;Y82
10 001 992;Хирургические операции и другие хирургические процедуры как причина анормальной реакции или позднего осложнения у пациента без упоминания о случайном нанесении ему вреда во время их выполнения;Y83
10 001 993;Другие медицинские процедуры как причина анормальной реакции или позднего осложнения у пациента без упоминания о случайном нанесении ему вреда во время их выполнения;Y84
10 001 994;Последствия транспортного несчастного случая;Y85
10 001 995;Последствия других несчастных случаев;Y86
10 001 996;Последствия умышленного самоповреждения, нападения и событий[повреждений], не уточненных как случайные или преднамеренные;Y87
10 001 997;Последствия терапевтических и хирургических вмешательств как внешних причин заболеваемости и смертности;Y88
10 001 998;Последствия других внешних причин;Y89
10 001 999;Доказательство влияния алкоголя, определенного по его содержанию  в крови;Y90
10 002 000;Доказательство влияния алкоголя, определенного по степени опьянения;Y91
10 002 001;Состояние госпитализма;Y95
10 002 002;Факторы, имеющие отношение к работе;Y96
10 002 003;Факторы, связанные с загрязнением окружающей среды;Y97
10 002 004;Факторы, связанные с образом жизни;Y98
10 002 005;Общий осмотр и обследование лиц, не имеющих жалоб или установ ленного диагноза;Z00
10 002 006;Другие специальные осмотры и обследования лиц, не имеющих жалоб или установленного диагноза;Z01
10 002 007;Обследование и обращение в административных целях;Z02
10 002 008;Медицинское наблюдение и оценка при подозрении на заболевание или патологическое состояние;Z03
10 002 009;Обследование и наблюдение с другими целями;Z04
10 002 010;Последующее обследование после лечения злокачественного новообразования;Z08
10 002 011;Последующее обследование после лечения состояний, не относящихся к злокачественным новообразованиям;Z09
10 002 012;Рутинная общая проверка здоровья определенных подгрупп населения;Z10
10 002 013;Специальное скрининговое обследование с целью выявления инфекционных и паразитарных болезней;Z11
10 002 014;Специальное скрининговое обследование с целью выявления злокачественных новообразований;Z12
10 002 015;Специальное скрининговое обследование с целью выявления других болезней и нарушений;Z13
10 002 016;Контакт с больным и возможность заражения инфекционными болезнями;Z20
10 002 017;Бессимптомный инфекционный статус, вызванный вирусом иммунодефицита человека [ВИЧ];Z21
10 002 018;Носительство возбудителя инфекционной болезни;Z22
10 002 019;Необходимость иммунизации против одной бактериальной болезни;Z23
10 002 020;Необходимость иммунизации против одной определенной вирусной болезни;Z24
10 002 021;Необходимость иммунизации против одной из других вирусных болезней;Z25
10 002 022;Необходимость иммунизации против одной из других инфекционных болезней;Z26
10 002 023;Необходимость иммунизации против комбинаций инфекционных болезней;Z27
10 002 024;Непроведенная иммунизация;Z28
10 002 025;Необходимость других профилактических мер;Z29
10 002 026;Наблюдение за применением противозачаточных средств;Z30
10 002 027;Восстановление и сохранение детородной функции;Z31
10 002 028;Обследование и тесты для установления беременности;Z32
10 002 029;Состояние, свойственное беременности;Z33
10 002 030;Наблюдение за течением нормальной беременности;Z34
10 002 031;Наблюдение за течением беременности у женщины, подвергающейся высокому риску;Z35
10 002 032;Дородовое обследование с целью выявления патологии у плода[антенатальный скрининг];Z36
10 002 033;Исход родов;Z37
10 002 034;Живорожденные младенцы, согласно месту рождения;Z38
10 002 035;Послеродовая помощь и обследование;Z39
10 002 036;Профилактическое хирургическое вмешательство;Z40
10 002 037;Процедуры, проводимые не с лечебными целями;Z41
10 002 038;Последующая помощь с применением восстановительного хирургического вмешательства;Z42
10 002 039;Уход за искусственными отверстиями;Z43
10 002 040;Примерка и подгонка наружного протезного устройства;Z44
10 002 041;Установка и регулировка имплантированного устройства;Z45
10 002 042;Примерка и подгонка других устройств;Z46
10 002 043;Другие виды последующей ортопедической помощи;Z47
10 002 044;Другие виды последующей хирургической помощи;Z48
10 002 045;Помощь, включающая диализ;Z49
10 002 046;Помощь, включающая использование реабилитационных процедур;Z50
10 002 047;Другие виды медицинской помощи;Z51
10 002 048;Доноры органов и тканей;Z52
10 002 049;Обращения в учреждения здравоохранения в связи с невыполненными специфическими процедурами;Z53
10 002 050;Состояние выздоровления;Z54
10 002 051;Проблемы, связанные с обучением и грамотностью;Z55
10 002 052;Проблемы, связанные с работой и безработицей;Z56
10 002 053;Воздействие производственных факторов риска;Z57
10 002 054;Проблемы, связанные с физическими факторами окружающей среды;Z58
10 002 055;Проблемы, связанные с обстоятельствами жилищного и экономического характера;Z59
10 002 056;Проблемы, связанные с адаптацией к изменению образа жизни;Z60
10 002 057;Проблемы, связанные с неблагоприятными жизненными событиями в детстве;Z61
10 002 058;Другие проблемы, связанные с воспитанием ребенка;Z62
10 002 059;Другие проблемы, связанные с близкими людьми, включая семейные обстоятельства;Z63
10 002 060;Проблемы, связанные с определенными психосоциальными обстоятельствами;Z64
10 002 061;Проблемы, связанные с другими психосоциальными обстоятельствами;Z65
10 002 062;Консультации, касающиеся сексуальных отношений, поведения и ориентации;Z70
10 002 063;Обращения в учреждения здравоохранения для получения других консультаций и медицинских советов, не классифицированные в других рубриках;Z71
10 002 064;Проблемы, связанные с образом жизни;Z72
10 002 065;Проблемы, связанные с трудностями поддержания нормального образа жизни;Z73
10 002 066;Проблемы, связанные с зависимостью от лица, обеспечивающего помощь и уход;Z74
10 002 067;Проблемы, связанные с медицинским обеспечением и другой медицинской помощью;Z75
10 002 068;Обращение в учреждения здравоохранения в связи с другими обсто ятельствами;Z76
10 002 069;В семейном анамнезе злокачественное новообразование;Z80
10 002 070;В семейном анамнезе психические расстройства и расстройства поведения;Z81
10 002 071;В семейном анамнезе некоторые болезни, снижающие трудоспособность, и хронические болезни, ведущие к инвалидности;Z82
10 002 072;В семейном анамнезе другие специфические нарушения;Z83
10 002 073;В семейном анамнезе другие патологические состояния;Z84
10 002 074;В личном анамнезе злокачественное новообразование;Z85
10 002 075;В личном анамнезе некоторые другие болезни;Z86
10 002 076;В личном анамнезе другие болезни и патологические состояния;Z87
10 002 077;В личном анамнезе аллергия к лекарственным средствам, медикаментам и биологическим веществам;Z88
10 002 078;Приобретенное отсутствие конечности;Z89
10 002 079;Приобретенное отсутствие органов, не классифицированное в других рубриках;Z90
10 002 080;В личном анамнезе наличие факторов риска, не классифицированных в других рубриках;Z91
10 002 081;В личном анамнезе лечение;Z92
10 002 082;Состояние, связанное с наличием искусственного отверстия;Z93
10 002 083;Наличие трансплантированных органов и тканей;Z94
10 002 084;Наличие сердечных и сосудистых имплантатов и трансплантатов;Z95
10 002 085;Наличие других функциональных имплантатов;Z96
10 002 086;Наличие других устройств;Z97
10 002 087;Другие послехирургические состояния;Z98
10 002 088;Зависимость от поддерживающих жизнедеятельность механизмов и устройств, не классифицированная в других рубриках;Z99
